70b3d5499616b59e|26|45.2285,17.35831|-0.7449,0.3621,-0.6023|-83|7.0|2|0|7|1
70b3d5499aa0da7c|27|45.22851,17.35832|0.1936,0.9177,-0.3448|-75|6.0|2|0|7|1
70b3d5499616b59e|27|45.2285,17.35831|-0.7723,0.3813,-0.5728|-85|6.0|2|0|7|1
70b3d5499aa0da7c|28|45.22851,17.35832|0.1571,0.9332,-0.3762|-76|5.0|2|0|7|1
70b3d5499616b59e|28|None,None|-0.7302,0.4009,-0.5884|-82|6.0|2|0|7|1
70b3d5499aa0da7c|29|45.22851,17.35831|0.1718,0.9131,-0.3738|-82|6.0|2|0|7|1
70b3d5499616b59e|29|45.2285,17.35831|-0.7188,0.3662,-0.6533|-79|7.0|2|0|7|1
70b3d5499616b59e|30|45.2285,17.35831|-0.7887,0.3474,-0.5770|-79|7.0|2|0|7|1
70b3d5499aa0da7c|31|45.22851,17.35831|0.1533,0.9281,-0.3843|-75|1.0|2|0|7|1
70b3d5499aa0da7c|32|45.22851,17.35831|0.1470,0.9321,-0.3917|-75|1.0|2|0|7|1
70b3d5499aa0da7c|33|45.22851,17.35831|0.1433,0.9304,-0.3872|-82|6.0|2|0|7|1
70b3d5499616b59e|32|None,None|-0.7582,0.4010,-0.5735|-81|6.0|2|0|7|1
70b3d5499616b59e|33|45.2285,17.35831|-0.7626,0.4038,-0.5667|-80|6.0|2|0|7|1
70b3d5499aa0da7c|34|None,None|0.1395,0.9358,-0.3986|-82|6.0|2|0|7|1
70b3d5499616b59e|34|None,None|-0.6707,0.6644,-0.3926|-86|7.0|2|0|7|1
70b3d5499aa0da7c|35|45.22851,17.35831|-0.2217,0.9137,-0.4031|-86|7.0|2|0|7|1
70b3d5499616b59e|35|None,None|-0.6290,0.7617,-0.3040|-83|7.0|2|0|7|1
70b3d5499aa0da7c|36|45.22851,17.35831|-0.3136,0.8945,-0.3817|-83|7.0|2|0|7|1
70b3d5499616b59e|36|45.2285,17.35831|-0.6390,0.7659,-0.2931|-80|7.0|2|0|7|1
70b3d5499aa0da7c|37|45.22851,17.35831|-0.3202,0.8938,-0.3870|-80|7.0|2|0|7|1
70b3d5499616b59e|37|45.2285,17.35831|-0.6470,0.7456,-0.3038|-90|6.0|2|0|7|1
70b3d5499aa0da7c|38|45.22851,17.35831|-0.1592,0.9332,-0.3817|-90|6.0|2|0|7|1
70b3d5499616b59e|38|None,None|-0.7625,0.4550,-0.5399|-74|6.0|2|0|7|1
70b3d5499aa0da7c|39|45.22851,17.35831|0.1925,0.9290,-0.3816|-76|-0.0|2|0|7|1
70b3d5499616b59e|39|None,None|-0.7488,0.3639,-0.6088|-76|-0.0|2|0|7|1
70b3d5499aa0da7c|40|45.22851,17.35831|0.1901,0.9323,-0.3732|-78|7.0|2|0|7|1
70b3d5499aa0da7c|41|45.22851,17.35831|0.1659,0.9324,-0.3798|-79|6.0|2|0|7|1
70b3d5499616b59e|41|None,None|-0.7577,0.3757,-0.5878|-80|6.0|2|0|7|1
70b3d5499aa0da7c|42|45.22851,17.35831|0.1649,0.9341,-0.3882|-78|6.0|2|0|7|1
70b3d5499616b59e|42|None,None|-0.7620,0.3827,-0.5771|-82|7.0|2|0|7|1
70b3d5499616b59e|43|45.2285,17.35831|-0.7673,0.3781,-0.5828|-82|7.0|2|0|7|1
70b3d5499aa0da7c|43|45.22851,17.35831|0.1661,0.9315,-0.3837|-76|5.0|2|0|7|1
70b3d5499616b59e|44|None,None|-0.7627,0.3837,-0.5834|-76|5.0|2|0|7|1
70b3d5499aa0da7c|44|45.22851,17.35831|0.1566,0.9314,-0.3860|-71|6.0|2|0|7|1
70b3d5499616b59e|45|45.2285,17.35831|-0.7656,0.3864,-0.5774|-71|6.0|2|0|7|1
70b3d5499aa0da7c|45|45.22851,17.35831|0.1519,0.9335,-0.3844|-71|6.0|2|0|7|1
70b3d5499616b59e|46|None,None|-0.7633,0.3916,-0.5786|-70|7.0|2|0|7|1
70b3d5499aa0da7c|46|None,None|0.1580,0.9296,-0.3933|-74|6.0|2|0|7|1
70b3d5499616b59e|47|45.2285,17.35831|-0.7722,0.3827,-0.5757|-74|6.0|2|0|7|1
70b3d5499aa0da7c|47|45.22851,17.35831|0.1626,0.9266,-0.3943|-77|7.0|2|0|7|1
70b3d5499616b59e|48|None,None|-0.7689,0.3865,-0.5720|-77|7.0|2|0|7|1
70b3d5499616b59e|49|45.2285,17.35831|-0.7712,0.3883,-0.5739|-71|6.0|2|0|7|1
70b3d5499aa0da7c|49|45.22851,17.35831|0.1420,0.9318,-0.3958|-71|6.0|2|0|7|1
70b3d5499616b59e|1|None,None|-0.7501,0.3961,-0.5966|-60|-2.0|11|0|9|4
70b3d5499aa0da7c|2|45.22851,17.35831|0.1418,0.9490,-0.3657|-58|-0.0|11|0|9|4
70b3d5499aa0da7c|3|45.22851,17.35831|0.1215,0.9480,-0.3580|-58|-0.0|11|0|9|4
70b3d5499aa0da7c|4|45.22851,17.35831|0.1647,0.9318,-0.3685|-59|6.0|11|0|9|4
70b3d5499aa0da7c|6|45.22851,17.35831|0.2073,0.9198,-0.3821|-58|0.0|11|0|9|4
70b3d5499616b59e|7|45.2285,17.35831|-0.7576,0.3551,-0.6412|-58|-1.0|11|0|9|4
70b3d5499616b59e|9|None,None|-0.7798,0.3848,-0.5974|-57|-1.0|11|0|9|4
70b3d5499616b59e|12|45.2285,17.35831|-0.6964,0.4001,-0.6841|-65|8.0|11|0|9|4
70b3d5499aa0da7c|12|45.22851,17.35831|0.2421,0.9417,-0.3055|-76|8.0|11|0|9|4
70b3d5499616b59e|13|45.2285,17.35831|-0.7667,0.3143,-0.6504|-63|8.0|11|0|9|4
70b3d5499aa0da7c|13|45.22851,17.35831|0.2412,0.9596,-0.3992|-70|7.0|11|0|9|4
70b3d5499616b59e|14|None,None|-0.7651,0.2480,-0.5923|-57|8.0|11|0|9|4
70b3d5499aa0da7c|14|45.22851,17.35831|0.2761,0.8964,-0.4889|-70|7.0|11|0|9|4
70b3d5499616b59e|15|None,None|-0.8179,0.1941,-0.5542|-41|6.0|11|0|9|4
70b3d5499616b59e|16|45.2285,17.35831|-0.7620,0.2560,-0.7002|-41|8.0|11|0|9|4
70b3d5499aa0da7c|16|45.22851,17.35831|0.3992,0.8009,-0.4962|-50|7.0|11|0|9|4
70b3d5499616b59e|17|None,None|-0.8398,0.2827,-0.6891|-54|7.0|11|0|9|4
70b3d5499aa0da7c|17|45.22851,17.35831|0.3844,0.8622,-0.4091|-54|7.0|11|0|9|4
70b3d5499616b59e|18|None,None|-0.9341,0.1880,-0.5267|-62|6.0|11|0|9|4
70b3d5499aa0da7c|20|45.22851,17.35831|0.3953,0.9080,-0.3595|-61|4.0|11|0|9|4
70b3d5499616b59e|22|45.22851,17.3586|-0.8092,0.2079,-0.6141|-68|8.0|11|0|9|4
70b3d5499aa0da7c|21|45.22851,17.35886|0.4194,0.8960,-0.3458|-68|6.0|11|0|9|4
70b3d5499616b59e|23|None,None|-0.8398,0.1853,-0.6790|-73|7.0|11|0|9|4
70b3d5499aa0da7c|22|45.2285,17.35896|0.3323,0.8971,-0.3462|-68|8.0|11|0|9|4
70b3d5499616b59e|24|None,None|-0.6938,0.3384,-0.6511|-73|8.0|11|0|9|4
70b3d5499aa0da7c|23|45.2285,17.35907|0.3430,0.9254,-0.2780|-71|7.0|11|0|9|4
70b3d5499616b59e|26|45.2285,17.35885|-0.7496,0.3353,-0.6842|-77|7.0|11|0|9|4
70b3d5499aa0da7c|25|45.2285,17.35929|0.2906,0.8661,-0.3506|-78|6.0|11|0|9|4
70b3d5499616b59e|27|45.2285,17.35895|-0.7290,0.2140,-0.6475|-83|7.0|11|0|9|4
70b3d5499aa0da7c|26|45.22848,17.3594|0.3235,0.9291,-0.4083|-80|7.0|11|0|9|4
70b3d5499616b59e|28|None,None|-0.8047,0.4030,-0.6666|-84|7.0|11|0|9|4
70b3d5499aa0da7c|27|45.22848,17.3595|0.3912,0.8826,-0.1263|-84|7.0|11|0|9|4
70b3d5499616b59e|29|None,None|-0.8793,0.3558,-0.5483|-86|8.0|11|0|9|4
70b3d5499aa0da7c|28|45.22848,17.35962|0.4087,0.8467,-0.3062|-80|1.0|11|0|9|4
70b3d5499aa0da7c|29|45.22848,17.35974|0.3059,0.9177,-0.2091|-83|1.0|11|0|9|4
70b3d5499aa0da7c|30|45.22848,17.35986|0.3521,0.8047,-0.4368|-84|1.0|11|0|9|4
70b3d5499aa0da7c|31|45.22841,17.36128|0.4420,0.9604,-0.4657|-86|2.0|11|0|9|4
70b3d5499aa0da7c|32|45.2284,17.36141|0.3701,0.8636,-0.3666|-91|8.0|11|0|9|4
70b3d5499616b59e|34|None,None|-1.0817,0.0164,-0.5042|-95|6.0|11|0|9|4
70b3d5499616b59e|36|45.22842,17.36102|-0.8551,0.2266,-0.6007|-90|-2.0|11|0|9|4
70b3d5499aa0da7c|36|45.22839,17.36198|0.3429,0.9163,-0.3187|-95|4.0|11|0|9|4
70b3d5499616b59e|39|45.22836,17.36273|-0.8828,0.1869,-0.5475|-99|7.0|11|0|9|4
70b3d5499aa0da7c|37|45.22838,17.36212|0.3334,0.9468,-0.3907|-96|8.0|11|0|9|4
70b3d5499616b59e|40|45.22835,17.36286|-0.7920,0.1566,-0.5847|-100|5.0|11|0|9|4
70b3d5499aa0da7c|38|45.22837,17.36227|0.2839,0.8907,-0.4122|-96|7.0|11|0|9|4
70b3d5499616b59e|41|None,None|-0.7648,0.4136,-0.7421|-101|5.0|11|0|9|4
70b3d5499aa0da7c|39|45.22837,17.36241|0.3516,0.8770,-0.3138|-97|7.0|11|0|9|4
70b3d5499616b59e|42|None,None|-0.8325,0.2783,-0.6816|-100|5.0|11|0|9|4
70b3d5499aa0da7c|40|45.22836,17.36256|0.4490,0.9456,-0.4929|-99|6.0|11|0|9|4
70b3d5499616b59e|43|None,None|-0.7390,0.3291,-0.6694|-97|0.0|11|0|9|4
70b3d5499616b59e|44|45.22832,17.36329|-0.8163,0.2736,-0.5813|-103|5.0|11|0|9|4
70b3d5499aa0da7c|42|45.22827,17.36431|0.3145,0.8154,-0.3217|-100|5.0|11|0|9|4
70b3d5499616b59e|45|45.22832,17.36344|-0.8197,0.2147,-0.5646|-102|5.0|11|0|9|4
70b3d5499aa0da7c|43|45.22826,17.36446|0.4935,0.9027,-0.3083|-100|5.0|11|0|9|4
70b3d5499616b59e|46|None,None|-0.8311,0.3292,-0.5198|-102|5.0|11|0|9|4
70b3d5499aa0da7c|44|45.22824,17.36462|0.1804,0.9551,-0.2954|-100|5.0|11|0|9|4
70b3d5499616b59e|47|None,None|-0.8850,0.2444,-0.7271|-101|5.0|11|0|9|4
70b3d5499aa0da7c|45|45.22823,17.36477|0.1687,0.9202,-0.2998|-98|-0.0|11|0|9|4
70b3d5499aa0da7c|47|45.22822,17.36509|0.2263,0.8027,-0.3710|-101|5.0|11|0|9|4
70b3d5499aa0da7c|48|None,None|0.3506,0.8959,-0.3530|-101|5.0|11|0|9|4
70b3d5499aa0da7c|49|None,None|0.3019,0.9998,-0.5060|-101|6.0|11|0|9|4
70b3d5499616b59e|0|45.22811,17.37012|-0.9991,0.1178,-0.4904|-109|-0.0|13|0|7|3
70b3d5499aa0da7c|0|None,None|0.3966,0.8376,-0.2878|-118|-7.0|13|0|7|3
70b3d5499616b59e|1|45.22813,17.3719|-1.0026,0.2036,-0.6497|-107|1.0|13|0|7|3
70b3d5499aa0da7c|1|45.2281,17.37061|0.4866,0.8232,-0.3220|-102|4.0|13|0|7|3
70b3d5499616b59e|2|None,None|-0.7250,0.4318,-0.7194|-105|2.0|13|0|7|3
70b3d5499aa0da7c|2|None,None|0.5502,0.7709,-0.3492|-102|1.0|13|0|7|3
70b3d5499616b59e|3|None,None|-0.6595,0.2661,-0.6699|-116|-5.0|13|0|7|3
70b3d5499616b59e|4|45.22813,17.37226|-0.9583,-0.1149,-0.9774|-108|1.0|13|0|7|3
70b3d5499aa0da7c|4|None,None|0.3180,0.8977,-0.3418|-105|2.0|13|0|7|3
70b3d5499aa0da7c|5|45.22813,17.37278|0.3964,0.9373,-0.3092|-111|-2.0|13|0|7|3
70b3d5499616b59e|6|None,None|-0.6660,0.2756,-0.4167|-117|-6.0|13|0|7|3
70b3d5499616b59e|7|45.22814,17.37263|-0.5204,0.4598,-0.4851|-112|-2.0|13|0|7|3
70b3d5499aa0da7c|7|None,None|0.4346,0.9873,-0.1962|-110|-2.0|13|0|7|3
70b3d5499aa0da7c|8|45.22813,17.37315|0.2622,0.9636,-0.3586|-112|-2.0|13|0|7|3
70b3d5499aa0da7c|9|None,None|0.2545,0.8087,-0.3829|-116|-8.0|13|0|7|3
70b3d5499aa0da7c|10|None,None|0.3401,0.9224,-0.3794|-119|-7.0|13|0|7|3
70b3d5499aa0da7c|11|None,None|0.3522,0.8002,-0.5693|-114|-4.0|13|0|7|3
70b3d5499616b59e|12|45.22817,17.37506|-0.6567,0.3903,-0.7021|-116|-6.0|13|0|7|3
70b3d5499aa0da7c|13|45.22817,17.37565|0.3212,0.9729,-0.4264|-114|-4.0|13|0|7|3
70b3d5499aa0da7c|14|None,None|0.3706,0.9154,-0.4498|-116|-5.0|13|0|7|3
70b3d5499aa0da7c|16|45.22817,17.37603|0.3505,0.8593,-0.3359|-117|-6.0|13|0|7|3
70b3d5499aa0da7c|17|None,None|0.4283,0.9351,-0.4374|-118|-8.0|13|0|7|3
70b3d5499aa0da7c|22|None,None|0.3379,0.8737,-0.3496|-118|-7.0|13|0|7|3
70b3d5499aa0da7c|24|45.22821,17.3789|0.3269,1.1050,-0.3401|-114|-4.0|13|0|7|3
70b3d5499aa0da7c|29|None,None|0.4091,1.0591,-0.4161|-116|-5.0|13|0|7|3
70b3d5499aa0da7c|33|None,None|0.2957,0.8538,-0.4126|-113|-3.0|13|0|7|3
70b3 5499aa0da7c|37|None,None|0.4060,1.0696,-0.3739|-116|-6.0|13|0|7|3
70b3d5499aa0da7c|41|45.22872,17.38464|0.3630,0.8689,-0.3177|-120|-9.0|13|0|7|3
70b3d5499aa0da7c|3|45.22814,17.3728|0.3163,0.9302,-0.3190|-130|-21.0|8|1|11|4
70b3d5499aa0da7c|14|None,None|0.1914,0.9081,-0.1803|-128|-19.0|8|1|11|4
70b3d5499aa0da7c|15|None,None|0.4717,0.7073,-0.2103|-124|-16.0|8|1|11|4
70b3d5499aa0da7c|17|None,None|0.3608,0.8622,-0.2720|-125|-17.0|8|1|11|4
70b3d5499616b59e|27|None,None|-0.5154,0.7035,-0.6339|-121|-14.0|8|1|11|4
70b3d5499aa0da7c|32|45.2283,17.36428|0.1479,0.9141,-0.4526|-114|-6.0|8|1|11|4
70b3d5499aa0da7c|33|None,None|0.2328,0.8785,-0.1660|-114|-6.0|8|1|11|4
70b3d5499aa0da7c|34|None,None|0.4242,0.8953,-0.3309|-112|-5.0|8|1|11|4
70b3d5499aa0da7c|37|45.22841,17.36192|0.2374,1.0956,-0.1743|-103|2.0|8|1|11|4
70b3d5499aa0da7c|39|None,None|0.2590,0.9343,-0.3821|-98|0.0|8|1|11|4
70b3d5499aa0da7c|40|45.22841,17.36158|0.2170,0.7854,-0.3691|-98|4.0|8|1|11|4
70b3d5499aa0da7c|43|None,None|0.1318,1.0313,-0.2748|-79|4.0|8|1|11|4
70b3d5499aa0da7c|45|45.22851,17.35926|0.2874,0.8934,-0.4158|-69|5.0|8|1|11|4
70b3d5499aa0da7c|46|None,None|-0.0182,0.9124,-0.4329|-62|6.0|8|1|11|4
70b3d5499aa0da7c|47|None,None|0.2438,0.9219,-0.4055|-45|7.0|8|1|11|4
70b3d5499aa0da7c|48|45.22851,17.35899|0.2432,1.0200,-0.2963|-52|7.0|8|1|11|4
70b3d5499aa0da7c|49|None,None|0.2648,0.9486,-0.2208|-68|7.0|8|1|11|4
70b3d5499616b59e|0|45.22842,17.35959|-0.7416,0.5222,-0.5009|-60|7.0|11|1|8|4
70b3d5499aa0da7c|0|None,None|0.1459,0.9379,-0.3726|-69|7.0|11|1|8|4
70b3d5499616b59e|1|45.22848,17.35827|-0.7379,0.5732,-0.4232|-59|7.0|11|1|8|4
70b3d5499aa0da7c|1|None,None|0.0991,0.9113,-0.4031|-67|7.0|11|1|8|4
70b3d5499616b59e|2|None,None|-0.7159,0.5442,-0.4894|-62|7.0|11|1|8|4
70b3d5499aa0da7c|2|45.22852,17.35825|0.1603,0.9592,-0.3030|-75|7.0|11|1|8|4
70b3d5499616b59e|3|None,None|-0.6628,0.6210,-0.5332|-62|7.0|11|1|8|4
70b3d5499aa0da7c|3|None,None|0.0687,0.9740,-0.3148|-83|7.0|11|1|8|4
70b3d5499616b59e|4|45.22848,17.35827|-0.6869,0.6027,-0.5267|-69|8.0|11|1|8|4
70b3d5499aa0da7c|4|45.22852,17.35826|0.0769,0.9552,-0.3188|-69|8.0|11|1|8|4
70b3d5499616b59e|5|None,None|-0.6766,0.5795,-0.5792|-74|7.0|11|1|8|4
70b3d5499aa0da7c|5|None,None|0.1017,0.9884,-0.2290|-63|7.0|11|1|8|4
70b3d5499616b59e|6|45.22848,17.35827|-0.6294,0.5771,-0.5908|-67|7.0|11|1|8|4
70b3d5499aa0da7c|6|None,None|0.0939,0.9829,-0.2484|-70|7.0|11|1|8|4
70b3d5499616b59e|7|45.22848,17.35827|-0.6742,0.5868,-0.5378|-70|7.0|11|1|8|4
70b3d5499aa0da7c|7|45.22852,17.35826|0.0886,0.9746,-0.2882|-64|7.0|11|1|8|4
70b3d5499616b59e|8|45.22848,17.35827|-0.6718,0.5715,-0.5420|-83|8.0|11|1|8|4
70b3d5499aa0da7c|8|None,None|0.1028,0.9680,-0.2952|-64|7.0|11|1|8|4
70b3d5499aa0da7c|9|45.22852,17.35826|0.1227,0.9680,-0.2830|-64|7.0|11|1|8|4
70b3d5499616b59e|9|None,None|-0.6749,0.5698,-0.5259|-61|7.0|11|1|8|4
70b3d5499aa0da7c|10|None,None|0.1107,0.9694,-0.3108|-61|7.0|11|1|8|4
70b3d5499616b59e|10|None,None|-0.6847,0.5646,-0.5300|-61|7.0|11|1|8|4
70b3d5499aa0da7c|11|45.22852,17.35826|0.1111,0.9661,-0.3129|-62|7.0|11|1|8|4
70b3d5499aa0da7c|12|None,None|0.1132,0.9607,-0.3097|-62|7.0|11|1|8|4
70b3d5499616b59e|12|45.22848,17.35827|-0.6760,0.5563,-0.5201|-60|6.0|11|1|8|4
70b3d5499aa0da7c|13|None,None|0.1095,0.9656,-0.3108|-64|8.0|11|1|8|4
70b3d5499616b59e|13|None,None|-0.6876,0.5648,-0.5298|-64|7.0|11|1|8|4
70b3d5499aa0da7c|14|45.22852,17.35831|0.1097,0.9651,-0.3121|-66|7.0|11|1|8|4
70b3d5499616b59e|14|None,None|-0.6833,0.5686,-0.5444|-63|7.0|11|1|8|4
70b3d5499aa0da7c|15|None,None|0.1135,0.9652,-0.3074|-63|7.0|11|1|8|4
70b3d5499aa0da7c|16|45.22853,17.35832|0.1056,0.9623,-0.3077|-77|7.0|11|1|8|4
70b3d5499616b59e|16|45.22848,17.35827|-0.6910,0.5609,-0.5203|-76|7.0|11|1|8|4
70b3d5499aa0da7c|17|None,None|0.1158,0.9609,-0.3223|-62|7.0|11|1|8|4
70b3d5499aa0da7c|18|45.22853,17.35832|0.1168,0.9636,-0.3134|-70|7.0|11|1|8|4
70b3d5499616b59e|17|None,None|-0.6893,0.5697,-0.5289|-65|7.0|11|1|8|4
70b3d5499aa0da7c|19|None,None|0.1226,0.9659,-0.3202|-67|7.0|11|1|8|4
70b3d5499616b59e|18|None,None|-0.6971,0.5640,-0.5327|-73|7.0|11|1|8|4
70b3d5499616b59e|19|45.22848,17.35827|-0.6877,0.5579,-0.5245|-64|7.0|11|1|8|4
70b3d5499aa0da7c|21|45.22853,17.35833|0.1219,0.9598,-0.3191|-68|7.0|11|1|8|4
70b3d5499616b59e|20|None,None|-0.6373,0.5793,-0.5353|-71|7.0|11|1|8|4
70b3d5499aa0da7c|22|45.22853,17.35833|0.0812,0.9840,-0.2913|-65|7.0|11|1|8|4
70b3d5499616b59e|21|None,None|-0.3140,0.6904,-0.6326|-65|7.0|11|1|8|4
70b3d5499aa0da7c|23|None,None|-0.1688,0.9937,0.0209|-77|8.0|11|1|8|4
70b3d5499aa0da7c|24|None,None|0.0607,1.0112,-0.2590|-67|7.0|11|1|8|4
70b3d5499616b59e|23|None,None|-0.6858,0.5269,-0.5688|-64|7.0|11|1|8|4
70b3d5499aa0da7c|25|45.22853,17.35833|0.1055,0.9253,-0.3507|-71|7.0|11|1|8|4
70b3d5499616b59e|24|None,None|-0.7675,0.4283,-0.5702|-73|7.0|11|1|8|4
70b3d5499aa0da7c|26|None,None|0.2197,0.9282,-0.3575|-73|7.0|11|1|8|4
70b3d5499616b59e|25|None,None|-0.7675,0.4618,-0.5361|-77|7.0|11|1|8|4
70b3d5499aa0da7c|27|None,None|0.2277,0.9083,-0.3477|-77|7.0|11|1|8|4
70b3d5499616b59e|26|45.22848,17.35827|-0.7682,0.3821,-0.6355|-80|7.0|11|1|8|4
70b3d5499616b59e|27|None,None|-0.7533,0.4180,-0.5627|-68|8.0|11|1|8|4
70b3d5499aa0da7c|29|None,None|0.2494,0.9241,-0.3273|-68|8.0|11|1|8|4
70b3d5499616b59e|28|45.22848,17.35827|-0.7200,0.4535,-0.5522|-65|8.0|11|1|8|4
70b3d5499aa0da7c|30|None,None|0.2518,0.9487,-0.3407|-71|7.0|11|1|8|4
70b3d5499616b59e|29|None,None|-0.7804,0.4287,-0.5575|-68|7.0|11|1|8|4
70b3d5499aa0da7c|31|45.22853,17.35833|0.2422,0.9415,-0.3230|-77|7.0|11|1|8|4
70b3d5499616b59e|30|None,None|-0.7740,0.4641,-0.5353|-69|7.0|11|1|8|4
70b3d5499aa0da7c|32|None,None|0.2578,0.9379,-0.3232|-68|7.0|11|1|8|4
70b3d5499616b59e|31|None,None|-0.7684,0.3677,-0.5588|-73|7.0|11|1|8|4
70b3d5499aa0da7c|33|None,None|0.3575,0.9189,-0.4285|-61|7.0|11|1|8|4
70b3d5499aa0da7c|34|45.22853,17.35833|0.1350,0.9640,-0.3602|-71|7.0|11|1|8|4
70b3d5499616b59e|33|None,None|-0.7769,0.5146,-0.5748|-63|8.0|11|1|8|4
70b3d5499aa0da7c|35|None,None|0.1732,0.9664,-0.2933|-74|7.0|11|1|8|4
70b3d5499616b59e|34|None,None|-0.7438,0.5844,-0.4762|-71|7.0|11|1|8|4
70b3d5499aa0da7c|36|None,None|0.1693,0.9333,-0.3726|-71|7.0|11|1|8|4
70b3d5499616b59e|35|45.22848,17.35827|-0.7653,0.5084,-0.4872|-70|7.0|11|1|8|4
70b3d5499616b59e|36|None,None|-0.7728,0.4966,-0.4735|-70|7.0|11|1|8|4
70b3d5499aa0da7c|38|45.22853,17.35835|0.1835,0.9221,-0.3854|-60|8.0|11|1|8|4
70b3d5499616b59e|37|None,None|-0.7700,0.4994,-0.4757|-54|7.0|11|1|8|4
70b3d5499aa0da7c|39|45.22853,17.35835|0.1669,0.9294,-0.3857|-61|7.0|11|1|8|4
70b3d5499616b59e|38|45.22848,17.35827|-0.7552,0.5040,-0.5002|-60|7.0|11|1|8|4
70b3d5499aa0da7c|40|None,None|0.1471,0.9307,-0.3530|-81|8.0|11|1|8|4
70b3d5499616b59e|39|45.22848,17.35827|-0.7010,0.5210,-0.5338|-68|7.0|11|1|8|4
70b3d5499aa0da7c|41|None,None|0.1532,0.9889,-0.2946|-68|7.0|11|1|8|4
70b3d5499616b59e|40|None,None|-0.6572,0.5625,-0.4972|-65|7.0|11|1|8|4
70b3d5499616b59e|41|None,None|-0.7108,0.5219,-0.5452|-77|8.0|11|1|8|4
70b3d5499aa0da7c|43|None,None|0.1471,0.9623,-0.3099|-77|8.0|11|1|8|4
70b3d5499616b59e|42|45.22848,17.35827|-0.7013,0.5286,-0.5464|-64|7.0|11|1|8|4
70b3d5499aa0da7c|44|None,None|0.1545,0.9581,-0.3171|-76|7.0|11|1|8|4
70b3d5499616b59e|43|None,None|-0.7094,0.5291,-0.5387|-61|7.0|11|1|8|4
70b3d5499aa0da7c|45|45.22853,17.35835|0.1417,0.9559,-0.3173|-68|7.0|11|1|8|4
70b3d5499aa0da7c|46|45.22853,17.35835|0.1548,0.9568,-0.3313|-57|5.0|11|1|8|4
70b3d5499616b59e|45|None,None|-0.7092,0.5315,-0.5283|-57|5.0|11|1|8|4
70b3d5499aa0da7c|47|45.22853,17.35835|0.1409,0.9558,-0.3440|-57|5.0|11|1|8|4
70b3d5499616b59e|49|None,None|-0.7272,0.4531,-0.5446|-62|7.0|11|1|8|4
70b3d5499aa0da7c|5|45.22824,17.36575|0.1865,0.9518,-0.2150|-109|-0.0|11|0|10|4
70b3d5499aa0da7c|11|45.22821,17.36645|0.2267,0.8488,-0.2742|-111|-3.0|11|0|10|4
70b3d5499aa0da7c|18|None,None|0.4662,0.9243,-0.2964|-121|-10.0|11|0|10|4
70b3d5499aa0da7c|21|45.22813,17.37098|0.2946,0.8884,-0.2928|-121|-11.0|11|0|10|4
70b3d5499aa0da7c|24|45.22813,17.37135|0.3895,0.8545,-0.3055|-124|-13.0|11|0|10|4
70b3d5499aa0da7c|30|45.22814,17.37383|0.3165,0.8901,-0.3398|-124|-13.0|11|0|10|4
70b3d5499aa0da7c|31|None,None|0.4476,0.8580,-0.3132|-125|-14.0|11|0|10|4
70b3d5499aa0da7c|32|45.22815,17.374|0.3135,0.9364,-0.2932|-127|-16.0|11|0|10|4
70b3d5499aa0da7c|35|None,None|-0.0364,0.8923,-0.3594|-126|-15.0|11|0|10|4
70b3d5499aa0da7c|36|None,None|0.3217,1.0308,-0.2402|-127|-16.0|11|0|10|4
70b3d5499aa0da7c|38|45.22816,17.37635|0.1313,1.0494,-0.3160|-127|-16.0|11|0|10|4
70b3d5499aa0da7c|1|None,None|-0.0587,0.9680,-0.3739|-75|6.0|4|1|12|4
70b3d5499aa0da7c|2|None,None|-0.0919,0.8556,-0.3197|-75|4.0|4|1|12|4
70b3d5499aa0da7c|3|45.22851,17.35826|-0.0096,0.9464,-0.3754|-75|4.0|4|1|12|4
70b3d5499aa0da7c|4|None,None|0.0275,0.9519,-0.3625|-74|1.0|4|1|12|4
70b3d5499aa0da7c|5|45.22851,17.35826|0.0126,0.9316,-0.4235|-74|4.0|4|1|12|4
70b3d5499aa0da7c|6|None,None|0.0088,0.9440,-0.4041|-76|5.0|4|1|12|4
70b3d5499aa0da7c|7|None,None|-0.0017,0.9475,-0.3907|-75|9.0|4|1|12|4
70b3d5499aa0da7c|8|45.22851,17.35826|0.0024,0.9330,-0.4135|-76|6.0|4|1|12|4
70b3d5499aa0da7c|9|None,None|0.0664,0.9343,-0.3289|-87|5.0|4|1|12|4
70b3d5499aa0da7c|10|None,None|-0.1970,0.9476,-0.3661|-91|2.0|4|1|12|4
70b3d5499aa0da7c|11|45.22851,17.35826|-0.4019,0.8807,-0.2698|-80|5.0|4|1|12|4
70b3d5499aa0da7c|12|45.22851,17.35826|0.0581,1.0320,-0.1581|-76|8.0|4|1|12|4
70b3d5499aa0da7c|13|None,None|0.0171,1.0016,-0.1807|-73|8.0|4|1|12|4
70b3d5499aa0da7c|14|45.22851,17.35826|0.0704,0.9637,-0.3403|-73|6.0|4|1|12|4
70b3d5499aa0da7c|15|None,None|0.0950,0.9600,-0.3224|-79|5.0|4|1|12|4
70b3d5499aa0da7c|16|None,None|0.1064,0.9254,-0.3899|-79|4.0|4|1|12|4
70b3d5499aa0da7c|17|45.22851,17.35826|0.1196,0.9601,-0.3230|-80|4.0|4|1|12|4
70b3d5499aa0da7c|21|None,None|0.1563,0.9825,-0.2756|-79|3.0|4|1|12|4
70b3d5499aa0da7c|22|45.22851,17.35826|0.0558,0.9772,-0.3239|-77|3.0|4|1|12|4
70b3d5499aa0da7c|23|None,None|0.2041,0.9517,-0.3253|-80|-1.0|4|1|12|4
70b3d5499616b59e|27|None,None|-0.7607,0.4871,-0.5220|-81|-1.0|4|1|12|4
70b3d5499616b59e|28|None,None|-0.7717,0.5011,-0.5085|-78|0.0|4|1|12|4
70b3d5499aa0da7c|30|45.22851,17.35826|0.1499,0.9664,-0.3893|-80|4.0|4|1|12|4
70b3d5499aa0da7c|35|None,None|0.3961,0.9568,-0.3278|-92|0.0|4|1|12|4
70b3d5499aa0da7c|36|None,None|0.3816,0.9294,-0.4064|-97|-1.0|4|1|12|4
70b3d5499aa0da7c|37|45.22851,17.35826|0.2689,0.8062,-0.3236|-111|-2.0|4|1|12|4
70b3d5499aa0da7c|38|None,None|0.1477,0.6989,-0.3723|-105|2.0|4|1|12|4
70b3d5499aa0da7c|39|45.22846,17.35919|0.3483,1.0459,-0.1387|-110|0.0|4|1|12|4
70b3d5499aa0da7c|40|None,None|0.3350,1.0210,-0.3374|-114|-2.0|4|1|12|4
70b3d5499aa0da7c|41|None,None|0.3016,1.1219,-0.2010|-118|-5.0|4|1|12|4
70b3d5499aa0da7c|43|None,None|0.3948,0.8762,-0.6382|-105|-3.0|4|1|12|4
70b3d5499aa0da7c|44|None,None|0.1644,0.9283,-0.5139|-114|-14.0|4|1|12|4
70b3d5499aa0da7c|45|45.22843,17.35995|0.5034,1.0159,-0.1667|-124|-21.0|4|1|12|4
70b3d5499aa0da7c|47|None,None|0.4349,0.7836,-0.2843|-123|-15.0|4|1|12|4
70b3d5499616b59e|3|None,None|-0.9172,0.4985,-0.7841|-132|-14.0|4|0|9|3
70b3d5499aa0da7c|3|None,None|0.3250,0.6545,-0.6633|-132|-14.0|4|0|9|3
70b3d5499aa0da7c|40|45.22865,17.38415|0.3695,0.8303,-0.3706|-128|-14.0|4|0|9|3
70b3d5499aa`da7c|31|None,None|0.1831,0.8529,-0.5251|-124|-10.0|4|0|9|3
70b3d5499aa0da7c|32|None,None|0.2052,0.9083,-0.4286|-122|-8.0|4|0|9|3
70b3d5499aa0da7c|34|None,None|0.3824,0.8527,-0.4481|-120|-6.0|4|0|9|3
70b3d5499616b59e|38|45.22829,17.36414|-0.9644,0.3550,-0.4032|-115|-3.0|4|0|9|3
70b3d5499aa0da7c|37|None,None|0.2006,0.8329,-0.6902|-111|0.0|4|0|9|3
70b3d5499616b59e|39|45.22841,17.36132|-0.8175,0.5306,-0.1223|-111|-0.0|4|0|9|3
70b3d5499aa0da7c|38|45.22832,17.36196|0.1611,0.8472,-0.8052|-109|2.0|4|0|9|3
70b3d5499616b59e|41|45.22842,17.36102|-0.9512,0.4329,-0.6876|-104|5.0|4|0|9|3
70b3d5499aa0da7c|40|None,None|0.5034,0.9801,0.0868|-98|7.0|4|0|9|3
70b3d5499616b59e|42|None,None|-0.6399,0.5717,-0.6215|-98|7.0|4|0|9|3
70b3d5499aa0da7c|42|45.22837,17.36108|0.4623,0.7086,-0.5592|-86|8.0|4|0|9|3
70b3d5499616b59e|44|None,None|-0.9409,0.5673,-0.4213|-86|8.0|4|0|9|3
70b3d5499aa0da7c|44|45.22848,17.35862|0.3726,0.7627,-0.5957|-60|-1.0|4|0|9|3
70b3d5499aa0da7c|48|None,None|0.4591,0.8062,-0.5105|-81|8.0|4|0|9|3
70b3d5499aa0da7c|49|None,None|0.3708,0.8728,-0.4106|-78|8.0|4|0|9|3
70b3d5499aa0da7c|0|None,None|0.3271,0.8911,-0.4022|-74|6.0|4|0|9|3
70b3d5499616b59e|0|None,None|-0.6790,0.5686,-0.4639|-74|8.0|4|0|9|3
70b3d5499616b59e|3|45.22852,17.35826|-0.5826,0.6583,-0.5378|-75|7.0|4|0|9|3
70b3d5499aa0da7c|4|45.22848,17.35824|0.2408,0.9618,-0.3608|-79|6.0|4|0|9|3
70b3d5499616b59e|4|None,None|-0.3271,0.8204,-0.5121|-80|8.0|4|0|9|3
70b3d5499aa0da7c|5|None,None|0.2120,0.9486,-0.3560|-77|8.0|4|0|9|3
70b3d5499616b59e|5|None,None|-0.6227,0.6497,-0.5081|-66|0.0|4|0|9|3
70b3d5499616b59e|6|45.22852,17.35826|-0.6299,0.6428,-0.5140|-74|7.0|4|0|9|3
70b3d5499aa0da7c|7|None,None|0.2014,0.9320,-0.3700|-77|8.0|4|0|9|3
70b3d5499616b59e|7|None,None|-0.6234,0.6392,-0.5039|-77|8.0|4|0|9|3
70b3d5499aa0da7c|8|None,None|0.2018,0.9326,-0.3595|-81|8.0|4|0|9|3
70b3d5499616b59e|8|None,None|-0.6282,0.6342,-0.5103|-69|0.0|4|0|9|3
70b3d5499616b59e|9|45.22852,17.35826|-0.6326,0.6344,-0.5121|-78|8.0|4|0|9|3
70b3d5499aa0da7c|10|None,None|0.2577,0.9098,-0.3630|-80|8.0|4|0|9|3
70b3d5499616b59e|10|None,None|-0.6434,0.5836,-0.5864|-83|7.0|4|0|9|3
70b3d5499aa0da7c|11|None,None|0.3231,0.8881,-0.3835|-90|7.0|4|0|9|3
70b3d5499616b59e|11|None,None|-0.6400,0.5701,-0.5790|-77|1.0|4|0|9|3
70b3d5499616b59e|12|45.22852,17.35826|-0.6538,0.5624,-0.5752|-84|8.0|4|0|9|3
70b3d5499aa0da7c|13|45.22847,17.3583|0.3629,0.8660,-0.4164|-85|8.0|4|0|9|3
70b3d5499616b59e|13|None,None|-0.6572,0.5642,-0.5681|-87|8.0|4|0|9|3
70b3d5499aa0da7c|14|45.22847,17.3583|0.3013,0.8973,-0.3849|-85|8.0|4|0|9|3
70b3d5499616b59e|14|None,None|-0.6549,0.5712,-0.5585|-85|8.0|4|0|9|3
70b3d5499aa0da7c|15|None,None|0.2964,0.8949,-0.3942|-90|6.0|4|0|9|3
70b3d5499616b59e|15|45.22852,17.35826|-0.6554,0.5718,-0.5605|-83|8.0|4|0|9|3
70b3d5499aa0da7c|16|None,None|0.3020,0.8862,-0.4049|-76|8.0|4|0|9|3
70b3d5499616b59e|16|None,None|-0.6586,0.5739,-0.5482|-78|7.0|4|0|9|3
70b3d5499aa0da7c|17|45.22847,17.3583|0.2939,0.8945,-0.3824|-78|7.0|4|0|9|3
70b3d5499616b59e|17|None,None|-0.6459,0.5801,-0.5653|-76|8.0|4|0|9|3
70b3d5499aa0da7c|18|None,None|0.2972,0.8831,-0.3909|-88|8.0|4|0|9|3
70b3d5499616b59e|18|45.22852,17.35826|-0.6274,0.5602,-0.6161|-88|8.0|4|0|9|3
70b3d5499aa0da7c|20|45.22847,17.3583|0.3436,0.8849,-0.4010|-77|8.0|4|0|9|3
70b3d5499616b59e|20|45.22852,17.35826|-0.6642,0.5917,-0.5754|-73|7.0|4|0|9|3
70b3d5499aa0da7c|21|None,None|0.3292,0.8961,-0.3805|-83|7.0|4|0|9|3
70b3d5499616b59e|21|None,None|-0.6354,0.5640,-0.5629|-74|6.0|4|0|9|3
70b3d5499aa0da7c|22|None,None|0.2759,0.9293,-0.3832|-87|8.0|4|0|9|3
70b3d5499616b59e|22|None,None|-0.6162,0.6532,-0.5714|-78|8.0|4|0|9|3
70b3d5499616b59e|28|45.22852,17.35826|-0.6348,0.6034,-0.5465|-81|3.0|4|0|9|3
70b3d5499616b59e|29|45.22852,17.35826|-0.6390,0.5836,-0.5347|-74|6.0|4|0|9|3
70b3d5499aa0da7c|29|None,None|0.3209,0.8783,-0.4017|-78|7.0|4|0|9|3
70b3d5499aa0da7c|31|45.22847,17.35832|0.3588,0.9017,-0.3358|-83|8.0|4|0|9|3
70b3d5499616b59e|31|None,None|-0.6770,0.4935,-0.5984|-76|8.0|4|0|9|3
70b3d5499aa0da7c|32|45.22847,17.35832|0.4459,0.7893,-0.4460|-81|8.0|4|0|9|3
70b3d5499616b59e|32|None,None|-0.9427,0.2994,-0.7417|-62|7.0|4|0|9|3
70b3d5499aa0da7c|34|None,None|0.4077,0.8779,-0.4121|-62|1.0|4|0|9|3
70b3d5499aa0da7c|35|None,None|0.5746,0.5990,-0.3682|-63|2.0|4|0|9|3
70b3d5499aa0da7c|36|45.22847,17.35832|0.5027,0.8800,-0.3770|-73|6.0|4|0|9|3
70b3d5499616b59e|36|None,None|-0.6895,0.3535,-0.5120|-79|8.0|4|0|9|3
70b3d5499aa0da7c|37|45.22848,17.35834|0.4565,0.7584,-0.5518|-78|7.0|4|0|9|3
70b3d5499616b59e|37|45.2285,17.35883|-0.6520,0.8083,-0.7030|-85|6.0|4|0|9|3
70b3d5499aa0da7c|38|45.22848,17.35836|0.4836,0.8490,-0.4147|-82|8.0|4|0|9|3
70b3d5499616b59e|38|None,None|-0.4161,0.5031,-0.6945|-87|9.0|4|0|9|3
70b3d5499aa0da7c|39|45.22848,17.3584|0.5270,0.7235,-0.2465|-85|8.0|4|0|9|3
70b3d5499616b59e|39|None,None|-0.1173,0.1976,-0.2893|-93|8.0|4|0|9|3
70b3d5499aa0da7c|40|None,None|0.3933,0.7230,-0.3846|-90|7.0|4|0|9|3
70b3d5499616b59e|40|None,None|-0.3994,0.7249,-0.7743|-100|5.0|4|0|9|3
70b3d5499aa0da7c|41|45.22844,17.3599|0.4302,0.8076,-0.4629|-93|4.0|4|0|9|3
70b3d5499aa0da7c|42|45.22844,17.36006|0.2975,0.7568,-0.4702|-96|3.0|4|0|9|3
70b3d5499aa0da7c|43|45.22844,17.36023|0.5276,0.6504,-0.2736|-101|7.0|4|0|9|3
70b3d5499616b59e|43|None,None|-0.9915,0.3805,-0.5724|-108|3.0|4|0|9|3
70b3d5499aa0da7c|44|None,None|0.5955,0.7278,-0.5651|-103|6.0|4|0|9|3
70b3d5499616b59e|44|None,None|-1.0476,0.4176,-0.8260|-108|3.0|4|0|9|3
70b3d5499616b59e|46|None,None|-0.6379,0.3954,-0.3427|-113|-1.0|4|0|9|3
70b3d5499aa0da7c|46|None,None|0.5238,0.9192,-0.2352|-108|3.0|4|0|9|3
70b3d5499616b59e|48|None,None|-0.6899,0.4188,-0.5455|-111|-0.0|4|0|9|3
70b3d5499aa0da7c|48|None,None|0.5439,0.7343,-0.2727|-109|3.0|4|0|9|3
70b3d5499616b59e|49|None,None|-0.5208,0.7235,-0.4711|-111|0.0|4|0|9|3
70b3d5499aa0da7c|49|None,None|0.4144,0.8994,-0.2469|-109|3.0|4|0|9|3
70b3d5499616b59e|0|45.22839,17.36199|-0.5438,0.3811,-0.5259|-122|-11.0|6|1|10|4
70b3d5499aa0da7c|0|45.22811,17.3685|0.5393,0.9370,-0.2209|-120|-9.0|6|1|10|4
70b3d5499aa0da7c|3|None,None|0.5850,0.6981,-0.5101|-123|-12.0|6|1|10|4
70b3d5499aa0da7c|6|45.22811,17.37124|0.5220,0.7288,-0.4000|-119|-8.0|6|1|10|4
70b3d5499aa0da7c|7|None,None|0.4772,0.7721,-0.3345|-114|-5.0|6|1|10|4
70b3d5499616b59e|9|45.22813,17.37225|-0.5166,0.5171,-0.9557|-125|-14.0|6|1|10|4
70b3d5499aa0da7c|8|None,None|0.5677,0.8711,-0.5061|-125|-13.0|6|1|10|4
70b3d5499616b59e|10|None,None|-1.2113,0.6022,-1.1066|-124|-12.0|6|1|10|4
70b3d5499aa0da7c|9|None,None|0.5427,0.9045,-0.4128|-119|-8.0|6|1|10|4
70b3d5499aa0da7c|10|45.22811,17.37179|0.5146,0.7552,-0.3311|-119|-8.0|6|1|10|4
70b3d5499616b59e|12|None,None|-0.5480,0.4348,-0.3248|-126|-14.0|6|1|10|4
70b3d5499616b59e|13|45.22814,17.37279|-0.7919,0.4214,-0.6267|-124|-13.0|6|1|10|4
70b3d5499aa0da7c|12|None,None|0.4630,0.6113,-0.5332|-124|-13.0|6|1|10|4
70b3d5499616b59e|14|45.22814,17.37297|-0.5586,0.3199,-0.6453|-128|-16.0|6|1|10|4
70b3d5499aa0da7c|13|None,None|0.4364,0.7458,-0.4497|-125|-13.0|6|1|10|4
70b3d5499aa0da7c|14|None,None|0.3232,0.7190,-0.4436|-128|-16.0|6|1|10|4
70b3d5499aa0da7c|15|45.22813,17.37439|0.5227,0.7804,-0.4387|-128|-16.0|6|1|10|4
70b3d5499aa0da7c|16|None,None|0.2976,0.9418,-0.3735|-128|-16.0|6|1|10|4
70b3d5499aa0da7c|17|None,None|0.4932,0.8335,-0.3772|-128|-16.0|6|1|10|4
70b3d5499aa0da7c|18|45.22814,17.37476|0.4105,0.7910,-0.6064|-127|-16.0|6|1|10|4
70b3d5499aa0da7c|19|45.22815,17.37494|0.5392,0.6790,-0.3354|-126|-15.0|6|1|10|4
70b3d5499aa0da7c|22|45.22816,17.37696|0.4351,0.8318,-0.4630|-127|-16.0|6|1|10|4
70b3d5499aa0da7c|23|45.22816,17.37712|0.3035,0.8997,-0.3770|-130|-18.0|6|1|10|4
70b3d5499aa0da7c|22|45.22781,17.38088|0.3025,0.9174,-0.4935|-128|-14.0|6|0|11|4
70b3d5499aa0da7c|28|None,None|0.0880,0.7865,-0.5101|-121|-8.0|6|0|11|4
70b3d5499aa0da7c|47|None,None|0.3406,0.9716,-0.3879|-119|-8.0|6|1|8|4
70b3d5499aa0da7c|49|None,None|0.2990,0.8364,-0.3624|-120|-8.0|6|1|8|4
70b3d5499aa0da7c|0|None,None|0.3469,0.9791,-0.2617|-62|8.0|6|1|8|4
70b3d5499616b59e|0|None,None|-0.5780,0.5103,-0.7092|-78|8.0|6|1|8|4
70b3d5499aa0da7c|1|45.2285,17.35853|0.4104,0.8622,-0.3116|-79|7.0|6|1|8|4
70b3d5499616b59e|1|45.22854,17.35843|-0.6360,0.3787,-0.7509|-79|7.0|6|1|8|4
70b3d5499aa0da7c|2|None,None|0.2509,0.8236,-0.6014|-58|7.0|6|1|8|4
70b3d5499616b59e|2|None,None|-0.7855,0.6246,-0.4237|-58|7.0|6|1|8|4
70b3d5499aa0da7c|3|None,None|0.1793,0.9098,-0.3990|-56|6.0|6|1|8|4
70b3d5499616b59e|3|None,None|-0.6193,0.6238,-0.5192|-56|7.0|6|1|8|4
70b3d5499616b59e|4|45.22855,17.35838|-0.6426,0.5951,-0.5756|-62|6.0|6|1|8|4
70b3d5499aa0da7c|4|None,None|0.2987,0.9280,-0.3560|-62|6.0|6|1|8|4
70b3d5499616b59e|6|45.22852,17.3583|-0.7177,0.5485,-0.5074|-54|7.0|6|1|8|4
70b3d5499aa0da7c|6|45.22848,17.35825|0.3077,0.9016,-0.3580|-71|7.0|6|1|8|4
70b3d5499616b59e|7|45.22852,17.3583|-0.7062,0.5568,-0.5070|-54|7.0|6|1|8|4
70b3d5499aa0da7c|7|None,None|0.2949,0.9100,-0.3638|-62|7.0|6|1|8|4
70b3d5499616b59e|8|None,None|-0.7108,0.5509,-0.5067|-51|7.0|6|1|8|4
70b3d5499aa0da7c|8|None,None|0.2982,0.8987,-0.3646|-77|7.0|6|1|8|4
70b3d5499aa0da7c|9|45.22848,17.35825|0.2900,0.9087,-0.3785|-65|7.0|6|1|8|4
70b3d5499616b59e|9|None,None|-0.7052,0.5602,-0.4994|-61|6.0|6|1|8|4
70b3d5499616b59e|10|45.22852,17.3583|-0.7136,0.5907,-0.4755|-77|8.0|6|1|8|4
70b3d5499aa0da7c|10|45.22848,17.35825|0.1881,0.9297,-0.3835|-77|8.0|6|1|8|4
70b3d5499616b59e|11|None,None|-0.5803,0.8459,-0.6453|-73|7.0|6|1|8|4
70b3d5499aa0da7c|11|None,None|-0.0497,0.9005,-0.5630|-73|7.0|6|1|8|4
70b3d5499aa0da7c|12|45.2285,17.35826|-0.1095,0.6957,-0.5902|-54|5.0|6|1|8|4
70b3d5499616b59e|13|45.22852,17.3583|-0.4552,0.8167,-0.9208|-74|7.0|6|1|8|4
70b3d5499aa0da7c|13|45.2285,17.35826|-0.0334,0.8776,-0.3445|-73|8.0|6|1|8|4
70b3d5499616b59e|14|45.22852,17.3583|-0.4878,0.8538,-0.4364|-73|7.0|6|1|8|4
70b3d5499aa0da7c|14|None,None|0.0532,0.9554,-0.2638|-68|7.0|6|1|8|4
70b3d5499616b59e|15|45.22852,17.3583|-0.5223,0.7284,-0.5345|-64|7.0|6|1|8|4
70b3d5499aa0da7c|15|None,None|-0.1145,1.0356,-0.0060|-67|7.0|6|1|8|4
70b3d5499aa0da7c|16|45.2285,17.35826|-0.3641,0.8578,0.3938|-73|7.0|6|1|8|4
70b3d5499616b59e|16|None,None|0.1399,0.6271,-0.7842|-73|7.0|6|1|8|4
70b3d5499aa0da7c|17|None,None|-0.3528,0.7734,0.5343|-67|7.0|6|1|8|4
70b3d5499616b59e|17|None,None|0.2104,0.5142,-0.8506|-68|7.0|6|1|8|4
70b3d5499616b59e|18|45.22852,17.3583|-0.4917,0.7162,-0.4999|-62|8.0|6|1|8|4
70b3d5499aa0da7c|18|None,None|0.3427,0.9109,-0.4260|-68|7.0|6|1|8|4
70b3d5499aa0da7c|19|45.2285,17.35826|0.2173,0.9686,-0.2556|-75|7.0|6|1|8|4
70b3d5499616b59e|19|None,None|-0.6058,0.6088,-0.6189|-64|7.0|6|1|8|4
70b3d5499616b59e|20|45.22852,17.3583|-0.6597,0.6486,-0.6902|-57|0.0|6|1|8|4
70b3d5499aa0da7c|20|None,None|0.2413,0.9121,-0.4430|-57|0.0|6|1|8|4
70b3d5499616b59e|21|None,None|-0.5435,0.6637,-0.6317|-60|1.0|6|1|8|4
70b3d5499aa0da7c|22|45.2285,17.35826|-0.2626,0.9429,0.2632|-60|1.0|6|1|8|4
70b3d5499aa0da7c|25|45.2285,17.35826|-0.1279,0.9878,-0.2623|-67|8.0|6|1|8|4
70b3d5499616b59e|25|None,None|-0.1593,0.7379,-0.6826|-71|8.0|6|1|8|4
70b3d5499616b59e|28|45.22852,17.3583|-0.4808,0.6276,-0.8129|-57|-0.0|6|1|8|4
70b3d5499aa0da7c|29|45.2285,17.35826|0.2792,0.8967,-0.3765|-73|7.0|6|1|8|4
70b3d5499616b59e|29|None,None|-0.6505,0.6486,-0.4459|-64|7.0|6|1|8|4
70b3d5499616b59e|30|45.22852,17.3583|-0.6094,0.6354,-0.5055|-68|7.0|6|1|8|4
70b3d5499aa0da7c|30|None,None|0.2615,0.9047,-0.4263|-64|7.0|6|1|8|4
70b3d5499616b59e|31|45.22852,17.3583|-0.5013,0.7172,-0.5536|-73|7.0|6|1|8|4
70b3d5499aa0da7c|31|None,None|0.2797,0.9684,-0.2207|-60|7.0|6|1|8|4
70b3d5499aa0da7c|32|45.2285,17.35826|0.1818,0.9385,-0.3817|-53|-1.0|6|1|8|4
70b3d5499616b59e|34|45.22852,17.3583|-0.3771,0.9756,-0.6671|-61|7.0|6|1|8|4
70b3d5499aa0da7c|34|None,None|0.1659,0.8984,-0.5192|-58|7.0|6|1|8|4
70b3d5499aa0da7c|35|45.2285,17.35826|0.2377,0.9618,-0.3101|-44|6.0|6|1|8|4
70b3d5499aa0da7c|36|None,None|0.2488,0.9431,-0.3065|-46|7.0|6|1|8|4
70b3d5499aa0da7c|37|45.2285,17.35826|0.2299,0.9452,-0.3124|-49|6.0|6|1|8|4
70b3d5499aa0da7c|38|45.2285,17.35826|0.2604,0.8885,-0.3444|-65|7.0|6|1|8|4
70b3d5499616b59e|38|None,None|-0.6537,0.6147,-0.5133|-75|7.0|6|1|8|4
70b3d5499616b59e|39|45.22852,17.3583|-0.6385,0.6111,-0.5068|-67|8.0|6|1|8|4
70b3d5499aa0da7c|39|None,None|0.2581,0.7863,-0.2555|-63|7.0|6|1|8|4
70b3d5499616b59e|40|45.22852,17.3583|-0.7158,0.7062,-0.3741|-69|7.0|6|1|8|4
70b3d5499aa0da7c|40|None,None|0.2086,0.8732,-0.4695|-56|6.0|6|1|8|4
70b3d5499aa0da7c|41|45.2285,17.35826|0.1931,0.9458,-0.3186|-51|6.0|6|1|8|4
70b3d5499aa0da7c|42|None,None|0.2743,0.9219,-0.4045|-56|7.0|6|1|8|4
70b3d5499616b59e|43|45.22852,17.3583|-0.6245,0.5934,-0.5482|-78|7.0|6|1|8|4
70b3d5499aa0da7c|43|None,None|0.2946,0.8547,-0.4600|-58|7.0|6|1|8|4
70b3d5499aa0da7c|44|45.2285,17.35826|0.2074,0.9176,-0.3970|-45|3.0|6|1|8|4
70b3d5499aa0da7c|45|None,None|0.1851,0.9141,-0.4034|-36|-0.0|6|1|8|4
70b3d5499616b59e|46|45.22852,17.3583|-0.5988,0.6633,-0.5184|-49|7.0|6|1|8|4
70b3d5499aa0da7c|46|None,None|0.3202,0.8608,-0.4192|-47|7.0|6|1|8|4
70b3d5499616b59e|47|45.22852,17.3583|-0.6519,0.6895,-0.3998|-46|8.0|6|1|8|4
70b3d5499aa0da7c|47|45.22848,17.35829|0.1853,0.8846,-0.4958|-44|7.0|6|1|8|4
70b3d5499616b59e|48|45.22852,17.3583|-0.6343,0.6976,-0.4249|-46|7.0|6|1|8|4
70b3d5499aa0da7c|48|45.22848,17.35828|0.2404,0.8667,-0.4492|-45|8.0|6|1|8|4
70b3d5499616b59e|49|None,None|-0.2924,0.6293,-0.5713|-47|7.0|6|1|8|4
70b3d5499aa0da7c|49|None,None|0.3041,0.9163,-0.2688|-45|8.0|6|1|8|4
70b3d5499aa0da7c|0|45.22851,17.35834|0.2963,0.8177,-0.4874|-36|3.0|6|1|10|4
70b3d5499aa0da7c|1|None,None|0.1658,0.8729,-0.4591|-39|3.0|6|1|10|4
70b3d5499aa0da7c|2|45.22851,17.35834|0.3397,0.9531,-0.1924|-49|7.0|6|1|10|4
70b3d5499616b59e|2|None,None|-0.3929,0.8958,-0.6046|-48|7.0|6|1|10|4
70b3d5499aa0da7c|3|None,None|0.2866,0.9965,-0.2338|-46|8.0|6|1|10|4
70b3d5499616b59e|3|45.22855,17.35831|-0.6021,0.8826,-0.6331|-47|8.0|6|1|10|4
70b3d5499aa0da7c|4|45.22851,17.35834|0.0870,0.9811,-0.5225|-47|8.0|6|1|10|4
70b3d5499616b59e|4|45.22853,17.35831|-0.4813,0.5850,-0.5817|-42|1.0|6|1|10|4
70b3d5499616b59e|5|45.22853,17.35831|-0.5724,0.7050,-0.4816|-44|3.0|6|1|10|4
70b3d5499616b59e|6|None,None|-0.6227,0.6820,-0.4589|-43|4.0|6|1|10|4
70b3d5499aa0da7c|8|45.22851,17.35831|0.3137,0.8612,-0.4506|-60|8.0|6|1|10|4
70b3d5499616b59e|7|None,None|-0.6611,0.6832,-0.4164|-51|8.0|6|1|10|4
70b3d5499616b59e|8|45.22854,17.35831|-0.4391,0.6993,-0.5670|-57|5.0|6|1|10|4
70b3d5499616b59e|9|None,None|-0.5474,0.7280,-0.4143|-50|5.0|6|1|10|4
70b3d5499aa0da7c|11|45.22851,17.35829|0.3047,0.8826,-0.4623|-68|8.0|6|1|10|4
70b3d5499616b59e|10|None,None|-0.6310,0.6747,-0.4828|-60|7.0|6|1|10|4
70b3d5499616b59e|11|45.22855,17.35831|-0.5803,0.6812,-0.4985|-53|5.0|6|1|10|4
70b3d5499aa0da7c|15|None,None|-0.0255,1.0245,-0.3187|-47|8.0|6|1|10|4
70b3d5499616b59e|16|None,None|-0.4142,0.7771,-0.5199|-56|5.0|6|1|10|4
70b3d5499616b59e|17|45.22854,17.3583|-0.6084,0.7177,-0.4735|-63|9.0|6|1|10|4
70b3d5499aa0da7c|18|None,None|0.2905,0.8668,-0.4446|-64|7.0|6|1|10|4
70b3d5499616b59e|18|None,None|-0.6317,0.6948,-0.4437|-48|4.0|6|1|10|4
70b3d5499616b59e|19|None,None|-0.4047,0.7024,-0.5504|-57|6.0|6|1|10|4
70b3d5499616b59e|20|45.22854,17.3583|-0.4525,0.7510,-0.5138|-56|7.0|6|1|10|4
70b3d5499aa0da7c|21|45.22851,17.3583|0.2716,0.8923,-0.4443|-52|8.0|6|1|10|4
70b3d5499616b59e|21|45.22853,17.3583|-0.3600,0.7869,-0.6938|-48|8.0|6|1|10|4
70b3d5499aa0da7c|22|None,None|0.2963,0.8696,-0.4375|-46|8.0|6|1|10|4
70b3d5499616b59e|22|None,None|-0.4839,0.7125,-0.4620|-45|6.0|6|1|10|4
70b3d5499aa0da7c|23|None,None|0.2382,0.9146,-0.3179|-42|7.0|6|1|10|4
70b3d5499616b59e|23|None,None|-0.6473,0.6888,-0.3826|-37|6.0|6|1|10|4
70b3d5499616b59e|24|45.22853,17.3583|-0.2261,0.7433,-0.6577|-66|6.0|6|1|10|4
70b3d5499aa0da7c|25|None,None|0.3043,0.8584,-0.4442|-60|7.0|6|1|10|4
70b3d5499616b59e|25|None,None|-0.6541,0.6512,-0.4854|-66|6.0|6|1|10|4
70b3d5499aa0da7c|26|None,None|0.3453,0.8634,-0.4227|-60|7.0|6|1|10|4
70b3d5499616b59e|26|None,None|-0.5603,0.7146,-0.4436|-59|8.0|6|1|10|4
70b3d5499aa0da7c|27|45.22852,17.3583|0.2271,0.9302,-0.3829|-79|7.0|6|1|10|4
70b3d5499616b59e|27|45.22856,17.35831|-0.5875,0.7711,-0.4150|-79|7.0|6|1|10|4
70b3d5499aa0da7c|28|None,None|-0.1997,1.0129,-0.3518|-63|8.0|6|1|10|4
70b3d5499616b59e|28|None,None|-0.1050,0.9945,-0.1598|-63|8.0|6|1|10|4
70b3d5499aa0da7c|29|None,None|0.2246,0.9817,-0.2008|-61|7.0|6|1|10|4
70b3d5499616b59e|29|None,None|-0.4254,0.7441,-0.5768|-64|8.0|6|1|10|4
70b3d5499aa0da7c|30|45.22851,17.35828|0.1794,0.8374,-0.5336|-62|8.0|6|1|10|4
70b3d5499616b59e|30|45.22856,17.35832|-0.6143,0.7214,-0.3523|-56|7.0|6|1|10|4
70b3d5499aa0da7c|31|None,None|0.1191,0.9435,-0.1930|-66|8.0|6|1|10|4
70b3d5499616b59e|31|None,None|-0.5082,0.7360,-0.5701|-73|8.0|6|1|10|4
70b3d5499aa0da7c|32|None,None|0.2817,0.8741,-0.4308|-66|6.0|6|1|10|4
70b3d5499616b59e|32|None,None|-0.6388,0.6670,-0.4758|-78|8.0|6|1|10|4
70b3d5499aa0da7c|33|45.22851,17.35828|0.2885,0.8721,-0.4414|-61|8.0|6|1|10|4
70b3d5499616b59e|33|45.22856,17.35832|-0.5154,0.8062,-0.3766|-70|7.0|6|1|10|4
70b3d5499aa0da7c|34|None,None|0.1487,0.9753,-0.3944|-64|7.0|6|1|10|4
70b3d5499616b59e|34|None,None|-0.5413,0.6688,-0.3317|-84|7.0|6|1|10|4
70b3d5499aa0da7c|35|None,None|0.1461,0.9147,-0.4810|-76|6.0|6|1|10|4
70b3d5499616b59e|35|None,None|-0.6862,0.7137,-0.4215|-76|8.0|6|1|10|4
70b3d5499aa0da7c|36|45.22851,17.35828|0.3037,0.9730,-0.3776|-67|8.0|6|1|10|4
70b3d5499aa0da7c|37|45.22851,17.35828|0.2369,0.9019,-0.3944|-75|7.0|6|1|10|4
70b3d5499616b59e|37|45.22855,17.35833|-0.6034,0.7058,-0.4556|-74|8.0|6|1|10|4
70b3d5499aa0da7c|38|None,None|0.2734,0.8956,-0.4010|-74|8.0|6|1|10|4
70b3d5499616b59e|38|None,None|-0.5640,0.7288,-0.4662|-80|8.0|6|1|10|4
70b3d5499616b59e|39|None,None|-0.5800,0.7144,-0.4729|-77|7.0|6|1|10|4
70b3d5499aa0da7c|40|None,None|0.2764,0.8883,-0.4071|-77|7.0|6|1|10|4
70b3d5499616b59e|40|45.22855,17.35833|-0.5699,0.7218,-0.4585|-73|7.0|6|1|10|4
70b3d5499aa0da7c|41|None,None|0.3020,0.8610,-0.4607|-78|7.0|6|1|10|4
70b3d5499616b59e|41|None,None|-0.6173,0.6885,-0.4574|-78|7.0|6|1|10|4
70b3d5499aa0da7c|42|45.22851,17.35827|0.3860,0.8378,-0.4333|-65|7.0|6|1|10|4
70b3d5499aa0da7c|43|None,None|0.2842,0.9205,-0.4434|-65|7.0|6|1|10|4
70b3d5499616b59e|43|None,None|-0.5585,0.7108,-0.4873|-63|5.0|6|1|10|4
70b3d5499616b59e|44|45.22855,17.35833|-0.5919,0.6990,-0.4783|-67|3.0|6|1|10|4
70b3d5499aa0da7c|45|45.22851,17.35827|0.2576,0.8851,-0.3828|-67|3.0|6|1|10|4
70b3d5499aa0da7c|46|45.22851,17.35827|0.1257,0.9232,-0.4907|-80|7.0|6|1|10|4
70b3d5499616b59e|46|45.22855,17.35833|-0.4919,0.7816,-0.3864|-76|7.0|6|1|10|4
70b3d5499aa0da7c|47|None,None|0.0347,1.0408,-0.4492|-69|7.0|6|1|10|4
70b3d5499616b59e|47|None,None|-0.6434,0.6201,-0.4655|-73|8.0|6|1|10|4
70b3d5499aa0da7c|48|None,None|0.2170,1.0089,-0.3569|-66|8.0|6|1|10|4
70b3d5499616b59e|48|None,None|-0.5929,0.7443,-0.4695|-63|5.0|6|1|10|4
70b3d5499616b59e|49|45.22855,17.35833|-0.5994,0.7100,-0.4574|-65|7.0|6|1|10|4
70b3d5499616b59e|0|None,None|-0.5973,0.7063,-0.5038|-85|7.0|6|1|8|4
70b3d5499aa0da7c|0|None,None|0.4054,0.8531,-0.4082|-77|8.0|6|1|8|4
70b3d5499616b59e|1|45.22855,17.35833|-0.6228,0.6831,-0.4597|-87|7.0|6|1|8|4
70b3d5499aa0da7c|1|None,None|0.2681,0.8701,-0.4596|-78|7.0|6|1|8|4
70b3d5499616b59e|2|None,None|-0.6292,0.6479,-0.4342|-76|7.0|6|1|8|4
70b3d5499aa0da7c|2|None,None|0.2761,0.8691,-0.4658|-76|7.0|6|1|8|4
70b3d5499616b59e|3|None,None|-0.5956,0.7131,-0.4175|-90|7.0|6|1|8|4
70b3d5499aa0da7c|4|45.22856,17.35828|0.1339,0.9465,-0.5081|-71|8.0|6|1|8|4
70b3d5499616b59e|5|None,None|-0.3448,1.0306,-0.2356|-80|8.0|6|1|8|4
70b3d5499aa0da7c|5|None,None|0.2373,0.9569,-0.2963|-81|7.0|6|1|8|4
70b3d5499616b59e|6|None,None|-0.5618,0.6595,-0.5602|-71|6.0|6|1|8|4
70b3d5499aa0da7c|6|None,None|0.3307,0.8976,-0.3246|-65|0.0|6|1|8|4
70b3d5499aa0da7c|7|45.22856,17.35828|0.2351,0.9274,-0.3407|-70|7.0|6|1|8|4
70b3d5499616b59e|8|None,None|-0.5070,0.7102,-0.5465|-79|7.0|6|1|8|4
70b3d5499aa0da7c|8|None,None|0.3151,0.9138,-0.3373|-62|7.0|6|1|8|4
70b3d5499616b59e|9|None,None|-0.4827,0.7869,-0.5388|-68|7.0|6|1|8|4
70b3d5499aa0da7c|9|None,None|0.2334,0.9233,-0.3234|-76|7.0|6|1|8|4
70b3d5499616b59e|10|None,None|-0.4977,0.7087,-0.5188|-77|7.0|6|1|8|4
70b3d5499aa0da7c|12|45.22856,17.35828|0.1508,0.8912,-0.3958|-60|7.0|6|1|8|4
70b3d5499616b59e|13|None,None|-0.5734,0.6973,-0.5056|-82|8.0|6|1|8|4
70b3d5499616b59e|14|45.22855,17.35833|-0.5845,0.6975,-0.4889|-83|7.0|6|1|8|4
70b3d5499aa0da7c|13|None,None|0.2856,0.8792,-0.4143|-71|7.0|6|1|8|4
70b3d5499616b59e|15|None,None|-0.4517,0.6843,-0.5752|-74|7.0|6|1|8|4
70b3d5499aa0da7c|14|None,None|0.3628,0.8740,-0.2412|-60|7.0|6|1|8|4
70b3d5499616b59e|16|45.22855,17.35833|-0.5081,0.6871,-0.5673|-61|7.0|6|1|8|4
70b3d5499aa0da7c|15|45.22856,17.35828|0.2694,0.9161,-0.2886|-61|7.0|6|1|8|4
70b3d5499616b59e|17|None,None|-0.4587,0.7084,-0.5906|-62|7.0|6|1|8|4
70b3d5499aa0da7c|16|None,None|0.2844,0.9440,-0.2610|-62|7.0|6|1|8|4
70b3d5499616b59e|18|None,None|-0.5182,0.7037,-0.4769|-62|7.0|6|1|8|4
70b3d5499aa0da7c|17|45.22857,17.35828|0.2214,0.9591,-0.3687|-62|7.0|6|1|8|4
70b3d5499616b59e|20|45.22855,17.35833|0.1050,0.9603,-0.3439|-82|8.0|6|1|8|4
70b3d5499aa0da7c|19|None,None|0.2300,0.8936,-0.3680|-68|7.0|6|1|8|4
70b3d5499616b59e|21|None,None|-0.4584,0.6364,-0.6139|-71|7.0|6|1|8|4
70b3d5499aa0da7c|20|None,None|0.1575,0.9067,-0.4994|-64|7.0|6|1|8|4
70b3d5499aa0da7c|21|45.22857,17.35828|0.1445,0.9584,-0.0780|-45|7.0|6|1|8|4
70b3d5499616b59e|23|45.22855,17.35833|-0.4592,0.9395,-0.5804|-61|6.0|6|1|8|4
70b3d5499aa0da7c|22|None,None|0.2438,1.0088,-0.2792|-59|7.0|6|1|8|4
70b3d5499aa0da7c|23|45.22857,17.35828|0.4171,0.9298,-0.1669|-61|3.0|6|1|8|4
70b3d5499aa0da7c|24|None,None|0.3037,0.8894,-0.3435|-66|2.0|6|1|8|4
70b3d5499aa0da7c|25|None,None|0.3611,0.8719,-0.4198|-75|7.0|6|1|8|4
70b3d5499616b59e|27|45.22855,17.35833|-0.5930,0.6703,-0.4470|-64|6.0|6|1|8|4
70b3d5499aa0da7c|26|None,None|0.2888,0.8752,-0.4542|-69|7.0|6|1|8|4
70b3d5499616b59e|28|None,None|-0.6062,0.7311,-0.4734|-73|7.0|6|1|8|4
70b3d5499aa0da7c|27|None,None|0.2047,0.8616,-0.4580|-67|7.0|6|1|8|4
70b3d5499616b59e|29|45.22855,17.35833|-0.5476,0.7079,-0.4938|-59|8.0|6|1|8|4
70b3d5499aa0da7c|28|45.22857,17.35828|0.3624,0.8817,-0.1809|-59|8.0|6|1|8|4
70b3d5499616b59e|30|None,None|-0.5768,0.6843,-0.4208|-57|7.0|6|1|8|4
70b3d5499aa0da7c|29|None,None|0.2977,0.9205,-0.2435|-53|7.0|6|1|8|4
70b3d5499616b59e|31|45.22855,17.35833|-0.4427,0.6626,-0.5959|-54|7.0|6|1|8|4
70b3d5499aa0da7c|30|45.22857,17.35828|0.2742,0.8997,-0.4568|-64|7.0|6|1|8|4
70b3d5499616b59e|32|None,None|-0.4299,0.6510,-0.6056|-64|7.0|6|1|8|4
70b3d5499aa0da7c|32|None,None|0.2784,0.9370,-0.2596|-53|-0.0|6|1|8|4
70b3d5499616b59e|36|45.22858,17.3583|-0.4524,0.7466,-0.5353|-64|7.0|6|1|8|4
70b3d5499aa0da7c|34|None,None|0.2341,0.9486,-0.3069|-83|8.0|6|1|8|4
70b3d5499616b59e|37|None,None|-0.4519,0.7456,-0.5618|-61|1.0|6|1|8|4
70b3d5499616b59e|38|45.22859,17.35831|-0.4780,0.7430,-0.4908|-76|7.0|6|1|8|4
70b3d5499aa0da7c|36|None,None|0.2709,0.8743,-0.4984|-74|8.0|6|1|8|4
70b3d5499616b59e|39|None,None|-0.4553,0.7264,-0.5869|-65|7.0|6|1|8|4
70b3d5499aa0da7c|37|None,None|0.1991,0.9440,-0.3630|-68|7.0|6|1|8|4
70b3d5499616b59e|40|None,None|-0.5197,0.6871,-0.6296|-66|3.0|6|1|8|4
70b3d5499616b59e|41|45.22859,17.35831|-0.4631,0.7029,-0.5035|-76|7.0|6|1|8|4
70b3d5499aa0da7c|39|None,None|0.2285,0.9612,-0.2587|-91|7.0|6|1|8|4
70b3d5499616b59e|42|None,None|-0.4392,0.7275,-0.5758|-57|6.0|6|1|8|4
70b3d5499aa0da7c|41|45.22855,17.35827|0.2174,0.9614,-0.2562|-68|7.0|6|1|8|4
70b3d5499616b59e|43|None,None|-0.4343,0.7305,-0.5848|-60|7.0|6|1|8|4
70b3d5499616b59e|44|45.22859,17.35831|-0.4241,0.7325,-0.5890|-71|7.0|6|1|8|4
70b3d5499aa0da7c|42|45.22855,17.35827|0.2181,0.9559,-0.2384|-71|7.0|6|1|8|4
70b3d5499616b59e|45|None,None|-0.4135,0.7271,-0.5769|-64|7.0|6|1|8|4
70b3d5499aa0da7c|43|None,None|0.1963,0.9639,-0.2236|-62|7.0|6|1|8|4
70b3d5499616b59e|46|45.22859,17.35831|-0.3884,0.7618,-0.5802|-62|7.0|6|1|8|4
70b3d5499aa0da7c|44|None,None|0.2135,0.9698,-0.2371|-61|7.0|6|1|8|4
70b3d5499616b59e|47|None,None|-0.4305,0.7316,-0.6223|-60|7.0|6|1|8|4
70b3d5499aa0da7c|45|45.22855,17.35827|0.2185,0.9684,-0.2753|-60|7.0|6|1|8|4
70b3d5499616b59e|48|45.22859,17.35831|-0.4128,0.7511,-0.5656|-61|6.0|6|1|8|4
70b3d5499aa0da7c|46|None,None|0.2128,0.9689,-0.2493|-65|7.0|6|1|8|4
70b3d5499616b59e|49|None,None|-0.4104,0.7316,-0.5763|-65|7.0|6|1|8|4
70b3d5499aa0da7c|47|45.22855,17.35827|0.1674,1.0800,-0.1755|-78|7.0|6|1|8|4
70b3d5499aa0da7c|48|None,None|0.1472,1.0347,-0.4249|-73|8.0|6|1|8|4
70b3d5499aa0da7c|49|45.22855,17.35827|0.3135,0.8224,-0.5007|-73|8.0|6|1|8|4
