70b3d5499aa0da7c|0|None,None|0.8097,-0.6003,-0.0603|-45|9.0|7|0|9|3
70b3d5499aa0da7c|1|None,None|0.7928,-0.5339,0.2306|-44|7.0|7|0|9|3
70b3d5499aa0da7c|2|None,None|0.7017,-0.8383,0.2456|-37|8.0|7|0|9|3
70b3d5499aa0da7c|3|None,None|0.7043,-0.6416,0.3163|-45|8.0|7|0|9|3
70b3d5499aa0da7c|4|None,None|1.0908,-0.3761,0.3539|-53|8.0|7|0|9|3
70b3d5499aa0da7c|5|None,None|0.7900,-0.5519,0.2855|-57|7.0|7|0|9|3
70b3d5499aa0da7c|6|None,None|0.7849,-0.5814,0.2682|-45|8.0|7|0|9|3
70b3d5499aa0da7c|7|None,None|0.7050,-0.1469,0.1829|-57|8.0|7|0|9|3
70b3d5499aa0da7c|8|None,None|0.8926,-0.5627,0.3937|-50|7.0|7|0|9|3
70b3d5499aa0da7c|9|None,None|0.8265,-0.5215,0.1833|-56|8.0|7|0|9|3
70b3d5499aa0da7c|0|None,None|0.8491,-0.4771,0.2301|-78|8.0|4|0|8|3
70b3d5499aa0da7c|1|None,None|0.7056,-0.6693,0.1975|-81|7.0|4|0|8|3
70b3d5499aa0da7c|2|None,None|0.8119,-0.4514,0.3439|-84|7.0|4|0|8|3
70b3d5499aa0da7c|3|None,None|0.7977,-0.4740,0.3495|-79|8.0|4|0|8|3
70b3d5499aa0da7c|4|None,None|0.8311,-0.4612,0.2019|-80|8.0|4|0|8|3
70b3d5499aa0da7c|5|None,None|0.8265,-0.4297,0.3036|-83|7.0|4|0|8|3
70b3d5499aa0da7c|6|None,None|0.8450,-0.5482,0.0570|-80|8.0|4|0|8|3
70b3d5499aa0da7c|7|None,None|0.7870,-0.5005,0.4174|-78|8.0|4|0|8|3
70b3d5499aa0da7c|8|None,None|0.7433,-0.5393,0.3353|-74|7.0|4|0|8|3
70b3d5499aa0da7c|9|None,None|0.7955,-0.5009,0.3281|-76|8.0|4|0|8|3
70b3d5499aa0da7c|0|None,None|0.8253,-0.4922,0.2374|-99|3.0|8|1|10|2
70b3d5499aa0da7c|1|None,None|0.7883,-0.4596,0.3643|-97|5.0|8|1|10|2
70b3d5499aa0da7c|2|None,None|0.9080,-0.4083,0.2507|-101|1.0|8|1|10|2
70b3d5499aa0da7c|3|None,None|0.8179,-0.5222,0.1986|-105|-1.0|8|1|10|2
70b3d5499aa0da7c|4|None,None|0.7059,-0.5380,0.0211|-99|3.0|8|1|10|2
70b3d5499aa0da7c|5|None,None|0.3594,0.0731,0.3904|-101|2.0|8|1|10|2
70b3d5499aa0da7c|6|None,None|0.4998,-0.4894,0.0479|-98|4.0|8|1|10|2
70b3d5499aa0da7c|7|None,None|0.8818,-0.4092,-0.0208|-102|1.0|8|1|10|2
70b3d5499aa0da7c|8|None,None|0.9222,-0.2285,0.5883|-93|6.0|8|1|10|2
70b3d5499aa0da7c|9|None,None|0.7634,-0.3236,0.2739|-95|5.0|8|1|10|2
70b3d5499aa0da7c|0|None,None|0.5664,-0.1729,0.1179|-85|6.0|4|0|10|3
70b3d5499aa0da7c|1|None,None|1.1531,-0.5289,0.6049|-79|6.0|4|0|10|3
70b3d5499aa0da7c|2|None,None|0.6766,-0.4595,0.1938|-86|6.0|4|0|10|3
70b3d5499aa0da7c|3|None,None|1.3744,-0.6033,1.1973|-79|8.0|4|0|10|3
70b3d5499aa0da7c|4|None,None|0.5017,-0.2682,0.1678|-96|4.0|4|0|10|3
70b3d5499aa0da7c|5|None,None|0.6730,-0.8831,-0.2841|-87|6.0|4|0|10|3
70b3d5499aa0da7c|6|None,None|0.6079,-0.7791,-0.0782|-94|7.0|4|0|10|3
70b3d5499aa0da7c|7|None,None|0.5569,-1.0007,-0.1313|-97|5.0|4|0|10|3
70b3d5499aa0da7c|8|None,None|0.6176,-0.0017,0.2542|-94|6.0|4|0|10|3
70b3d5499aa0da7c|9|None,None|1.0271,-1.1166,-0.0889|-98|5.0|4|0|10|3
70b3d5499aa0da7c|0|None,None|0.6078,-0.1260,0.3230|-93|5.0|8|1|10|3
70b3d5499aa0da7c|1|None,None|1.1453,0.0803,0.7983|-100|1.0|8|1|10|3
70b3d5499aa0da7c|2|None,None|0.5828,0.1849,0.1528|-98|4.0|8|1|10|3
70b3d5499aa0da7c|3|None,None|1.0406,-0.3760,-0.7753|-102|0.0|8|1|10|3
70b3d5499aa0da7c|4|None,None|0.3663,0.2555,0.1371|-90|6.0|8|1|10|3
70b3d5499aa0da7c|5|None,None|0.4956,-0.2130,0.2440|-99|3.0|8|1|10|3
70b3d5499aa0da7c|6|45.80535,15.9575|0.4094,0.1973,0.2670|-97|3.0|8|1|10|3
70b3d5499aa0da7c|7|45.80536,15.95751|1.1873,-1.1510,0.2566|-91|6.0|8|1|10|3
70b3d5499aa0da7c|8|45.80537,15.95753|0.6376,-0.3363,0.3152|-84|8.0|8|1|10|3
70b3d5499aa0da7c|9|45.80538,15.95755|2.1648,-3.2583,-2.1416|-81|7.0|8|1|10|3
70b3d5499aa0da7c|0|None,None|0.8192,-0.4141,0.3378|-92|8.0|4|0|9|3
70b3d5499aa0da7c|1|45.80552,15.95793|0.8091,-0.5739,-0.0250|-97|6.0|4|0|9|3
70b3d5499aa0da7c|2|45.80552,15.95793|0.8606,-0.5164,0.0034|-98|6.0|4|0|9|3
70b3d5499aa0da7c|3|45.80553,15.95793|0.9788,-0.3361,0.0696|-99|5.0|4|0|9|3
70b3d5499aa0da7c|4|45.80553,15.95793|0.9133,-0.4132,0.0839|-97|5.0|4|0|9|3
70b3d5499aa0da7c|5|45.80552,15.95793|0.8369,-0.3936,0.3163|-95|6.0|4|0|9|3
70b3d5499aa0da7c|6|45.80553,15.95793|0.8376,-0.4205,0.2913|-90|7.0|4|0|9|3
70b3d5499aa0da7c|7|45.80553,15.95793|0.8568,-0.3386,0.4274|-91|8.0|4|0|9|3
70b3d5499aa0da7c|8|45.80553,15.95793|0.7998,-0.4813,0.3491|-92|7.0|4|0|9|3
70b3d5499aa0da7c|9|45.80553,15.95793|0.8293,-0.4371,0.3300|-93|7.0|4|0|9|3
70b3d5499aa0da7c|0|45.80547,15.95787|0.8048,-0.6781,-0.0205|-82|7.0|8|1|10|3
70b3d5499aa0da7c|1|45.80547,15.95787|0.8253,-0.7200,0.3612|-71|7.0|8|1|10|3
70b3d5499aa0da7c|2|45.80549,15.95786|1.5898,-2.3743,-1.0505|-68|7.0|8|1|10|3
70b3d5499aa0da7c|3|45.80552,15.95786|1.5988,-0.6438,0.5167|-73|7.0|8|1|10|3
70b3d5499aa0da7c|4|45.80553,15.95786|0.8248,-0.7072,0.3027|-71|7.0|8|1|10|3
70b3d5499aa0da7c|5|45.80553,15.95786|0.8356,0.0468,0.0853|-92|6.0|8|1|10|3
70b3d5499aa0da7c|6|45.80553,15.95786|1.0570,-0.7391,0.0004|-90|5.0|8|1|10|3
70b3d5499aa0da7c|7|45.8055,15.95787|0.8336,-0.5541,0.4031|-80|8.0|8|1|10|3
70b3d5499aa0da7c|8|45.80546,15.95788|0.7457,0.2368,0.4272|-74|8.0|8|1|10|3
70b3d5499aa0da7c|9|None,None|0.3373,-0.0520,0.2488|-87|6.0|8|1|10|3
70b3d5499aa0da7c|0|45.80509,15.9581|0.5659,-0.2758,0.5092|-105|-0.0|4|0|12|3
70b3d5499aa0da7c|1|45.80508,15.95809|0.6038,-0.5126,0.3088|-112|-5.0|4|0|12|3
70b3d5499aa0da7c|2|45.80507,15.95807|1.0032,-0.5194,0.2777|-110|-3.0|4|0|12|3
70b3d5499aa0da7c|3|45.80506,15.95805|0.7340,0.2252,0.3428|-119|-11.0|4|0|12|3
70b3d5499aa0da7c|4|45.80505,15.95803|0.5063,-0.0791,0.3073|-116|-8.0|4|0|12|3
70b3d5499aa0da7c|6|45.80481,15.95819|0.8245,-0.6940,0.2437|-111|-3.0|4|0|12|3
70b3d5499aa0da7c|9|45.8048,15.95823|0.8276,-0.7250,0.3698|-118|-9.0|4|0|12|3
70b3d5499aa0da7c|0|45.8048,15.95823|0.3409,-0.0179,0.2375|-121|-11.0|4|0|12|3
70b3d5499aa0da7c|1|45.80353,15.95874|0.5392,0.1952,0.4196|-118|-9.0|7|0|9|4
70b3d5499aa0da7c|8|45.80121,15.95787|0.5884,0.2883,0.3212|-127|-20.0|4|1|12|2
70b3d5499aa0da7c|1|45.80177,15.95088|-0.0190,0.0710,1.0042|-126|-18.0|11|0|11|2
70b3d5499aa0da7c|7|45.80177,15.95088|-0.0190,0.0710,1.0042|-126|-18.0|11|0|11|2
70b3d5499aa0da7c|1|45.80177,15.95088|-0.0187,0.0753,1.0111|-124|-17.0|14|0|11|4
70b3d5499aa0da7c|2|None,None|-0.0176,0.0718,0.9996|-123|-16.0|14|0|11|4
70b3d5499aa0da7c|4|None,None|-0.0181,0.0730,1.0021|-125|-17.0|14|0|11|4
70b3d5499aa0da7c|5|45.80177,15.9509|-0.0164,0.0717,1.0016|-125|-17.0|14|0|11|4
70b3d5499aa0da7c|6|45.80177,15.9509|-0.0181,0.0703,0.9993|-124|-16.0|14|0|11|4
70b3d5499aa0da7c|7|None,None|-0.0171,0.0717,1.0006|-123|-16.0|14|0|11|4
70b3d5499aa0da7c|8|None,None|-0.0189,0.0756,1.0028|-124|-16.0|14|0|11|4
70b3d5499aa0da7c|9|45.80177,15.95089|-0.0179,0.0720,0.9995|-123|-16.0|14|0|11|4
70b3d5499616b59e|8|None,None|-0.0424,-0.0197,1.3208|-110|-6.0|8|1|7|2
70b3d5499616b59e|0|45.80407,15.95409|-0.1313,0.2034,0.7920|-110|-8.0|11|1|8|2
70b3d5499aa0da7c|0|None,None|-0.0557,0.5411,-0.2161|-106|-2.0|11|1|8|2
70b3d5499616b59e|1|45.80406,15.95459|-0.2001,-0.1626,1.3073|-105|-1.0|11|1|8|2
70b3d5499616b59e|2|None,None|-0.1898,-0.0228,1.2700|-109|-5.0|11|1|8|2
70b3d5499aa0da7c|2|None,None|-0.1558,1.3182,0.3605|-111|-4.0|11|1|8|2
70b3d5499616b59e|3|None,None|-0.1669,0.1195,0.7787|-109|-4.0|11|1|8|2
70b3d5499aa0da7c|3|45.80406,15.9545|-0.1450,0.6819,-0.2488|-103|0.0|11|1|8|2
70b3d5499616b59e|5|45.8041,15.95484|-0.1892,-0.1138,1.2910|-103|-1.0|11|1|8|2
70b3d5499616b59e|6|None,None|-0.3073,-0.0315,1.0880|-104|-2.0|11|1|8|2
70b3d5499616b59e|7|45.8041,15.95487|-0.2322,0.1027,1.2377|-109|-4.0|11|1|8|2
70b3d5499aa0da7c|6|None,None|-0.3636,1.3724,-0.3199|-110|-5.0|11|1|8|2
70b3d5499616b59e|9|45.80411,15.95488|-0.1072,0.0391,0.9379|-112|-7.0|11|1|8|2
70b3d5499aa0da7c|8|None,None|-0.1403,0.7882,-0.2822|-100|2.0|11|1|8|2
70b3d5499aa0da7c|9|None,None|-0.1589,0.8538,-0.0255|-107|-3.0|11|1|8|2
70b3d5499616b59e|0|None,None|-0.2715,-0.1212,1.3113|-92|2.0|10|0|11|4
70b3d5499616b59e|3|45.80421,15.9554|-0.3519,0.0470,1.0216|-95|2.0|10|0|11|4
70b3d5499616b59e|4|45.80423,15.95542|-0.3615,-0.0065,1.3182|-91|3.0|10|0|11|4
70b3d5499616b59e|5|None,None|-0.1313,0.1714,0.9232|-90|2.0|10|0|11|4
70b3d5499aa0da7c|1|None,None|-0.1824,0.4541,-0.1362|-95|-2.0|6|1|8|4
70b3d5499aa0da7c|2|None,None|-0.3236,0.8197,0.1023|-102|-0.0|6|1|8|4
70b3d5499616b59e|3|None,None|-0.1113,0.0771,0.6083|-99|2.0|6|1|8|4
70b3d5499aa0da7c|3|None,None|-0.2405,1.8396,0.2963|-100|4.0|6|1|8|4
70b3d5499616b59e|5|45.80455,15.95609|-0.2784,-0.1331,0.8989|-92|6.0|6|1|8|4
70b3d5499aa0da7c|5|45.80455,15.95611|-0.0255,0.9431,-0.2733|-97|6.0|6|1|8|4
70b3d5499616b59e|6|45.80464,15.95617|0.0046,-0.0996,0.7341|-96|6.0|6|1|8|4
70b3d5499aa0da7c|6|45.80457,15.95613|-0.3551,1.4961,0.3894|-99|4.0|6|1|8|4
70b3d5499616b59e|7|None,None|-0.2037,-0.0482,1.3097|-96|6.0|6|1|8|4
70b3d5499aa0da7c|7|None,None|-0.2484,1.5728,-0.3400|-95|6.0|6|1|8|4
70b3d5499616b59e|8|None,None|-0.1349,0.0428,1.2087|-101|3.0|6|1|8|4
70b3d5499aa0da7c|8|None,None|-0.3922,1.3048,-0.2874|-92|-0.0|6|1|8|4
70b3d5499aa0da7c|9|45.80457,15.95617|0.0035,0.9633,-0.2578|-99|4.0|6|1|8|4
70b3d5499aa0da7c|0|45.80467,15.95653|0.0593,1.0999,-0.2855|-77|6.0|9|0|11|1
70b3d5499aa0da7c|1|None,None|-0.0685,0.6671,-0.2789|-77|5.0|9|0|11|1
70b3d5499aa0da7c|2|45.80469,15.95655|0.0699,0.9136,-0.2932|-87|8.0|9|0|11|1
70b3d5499616b59e|2|None,None|-0.0504,-0.0856,1.1260|-69|2.0|9|0|11|1
70b3d5499616b59e|8|None,None|-0.0504,-0.0585,1.1256|-77|0.0|9|0|11|1
70b3d5499616b59e|9|None,None|-0.0823,0.0702,0.8722|-90|9.0|9|0|11|1
70b3d5499616b59e|0|45.80507,15.95695|-0.7034,0.0830,1.1058|-78|7.0|13|1|8|2
70b3d5499aa0da7c|0|None,None|-0.1722,0.9791,-0.3021|-71|7.0|13|1|8|2
70b3d5499616b59e|1|45.80532,15.95707|-1.2201,-0.3126,0.5776|-78|7.0|13|1|8|2
70b3d5499aa0da7c|1|45.80516,15.95695|-0.3998,1.5629,0.1686|-71|7.0|13|1|8|2
70b3d5499616b59e|2|None,None|-0.4264,-0.3076,0.4398|-77|7.0|13|1|8|2
70b3d5499aa0da7c|2|None,None|-0.3296,0.8325,-0.1306|-77|7.0|13|1|8|2
70b3d5499616b59e|3|45.80534,15.95707|-0.3756,-1.3896,0.3840|-67|8.0|13|1|8|2
70b3d5499aa0da7c|3|45.80517,15.95694|-0.2906,0.9038,-0.2125|-81|7.0|13|1|8|2
70b3d5499616b59e|4|None,None|-0.8086,-1.0455,0.0190|-70|7.0|13|1|8|2
70b3d5499aa0da7c|4|45.80518,15.95694|-0.3395,1.4838,0.2628|-70|7.0|13|1|8|2
70b3d5499616b59e|5|45.80535,15.95707|-0.9069,-0.8213,-0.0676|-63|7.0|13|1|8|2
70b3d5499aa0da7c|5|None,None|-0.3818,1.0510,-0.4128|-78|7.0|13|1|8|2
70b3d5499616b59e|6|None,None|-0.4717,-0.3152,-0.0309|-65|6.0|13|1|8|2
70b3d5499aa0da7c|6|None,None|-0.0500,0.6459,-0.1469|-62|7.0|13|1|8|2
70b3d5499616b59e|7|45.80542,15.95705|-0.1456,-0.3677,-0.1051|-62|7.0|13|1|8|2
70b3d5499aa0da7c|7|45.80519,15.95692|-0.1281,0.9303,-0.0751|-61|8.0|13|1|8|2
70b3d5499616b59e|8|None,None|-1.1459,-0.9915,0.5668|-61|8.0|13|1|8|2
70b3d5499aa0da7c|8|45.80526,15.95705|-0.3237,1.4312,-0.3334|-61|7.0|13|1|8|2
70b3d5499616b59e|9|None,None|-0.6777,-0.8153,0.1454|-61|7.0|13|1|8|2
70b3d5499aa0da7c|9|None,None|-0.5695,0.6262,0.0421|-61|7.0|13|1|8|2
70b3d5499aa0da7c|1|45.80541,15.95711|-0.5076,0.2704,-0.0732|-58|6.0|6|0|11|4
70b3d5499aa0da7c|2|None,None|-0.6528,0.7411,-0.1110|-57|7.0|6|0|11|4
70b3d5499aa0da7c|3|None,None|-0.5420,0.8590,-0.1727|-56|9.0|6|0|11|4
70b3d5499aa0da7c|4|45.8054,15.95711|-0.6093,0.7456,-0.1560|-54|8.0|6|0|11|4
70b3d5499aa0da7c|5|45.80547,15.95703|-0.6401,0.7715,-0.1531|-57|9.0|6|0|11|4
70b3d5499aa0da7c|6|None,None|-0.6300,0.7806,-0.1626|-57|9.0|6|0|11|4
70b3d5499aa0da7c|7|45.80547,15.95703|-0.6389,0.7770,-0.1559|-54|7.0|6|0|11|4
70b3d5499aa0da7c|8|None,None|-0.7129,0.6847,-0.0988|-52|8.0|6|0|11|4
70b3d5499aa0da7c|9|45.80548,15.95702|-0.6146,0.8051,-0.1515|-62|9.0|6|0|11|4
70b3d5499aa0da7c|0|45.80562,15.95707|-0.0842,0.9628,-0.3319|-87|7.0|6|1|8|4
70b3d5499616b59e|0|None,None|-0.7930,-0.6279,-0.0438|-100|3.0|6|1|8|4
70b3d5499aa0da7c|1|None,None|-0.0770,0.9749,-0.3137|-88|7.0|6|1|8|4
70b3d5499616b59e|1|None,None|-0.7957,-0.6307,-0.0388|-101|3.0|6|1|8|4
70b3d5499aa0da7c|2|None,None|-0.0767,0.9592,-0.3291|-88|7.0|6|1|8|4
70b3d5499616b59e|2|None,None|-0.7994,-0.6234,-0.0381|-101|2.0|6|1|8|4
70b3d5499aa0da7c|3|None,None|-0.1187,0.9596,-0.3595|-88|6.0|6|1|8|4
70b3d5499616b59e|3|None,None|-0.8186,-0.6056,-0.0381|-101|3.0|6|1|8|4
70b3d5499aa0da7c|4|None,None|0.0669,0.9401,-0.2601|-91|7.0|6|1|8|4
70b3d5499616b59e|4|None,None|-0.7413,-0.6680,0.1385|-102|2.0|6|1|8|4
70b3d5499aa0da7c|5|None,None|-0.1567,0.9683,-0.3634|-95|6.0|6|1|8|4
70b3d5499616b59e|5|None,None|-0.8510,-0.6018,-0.0345|-117|-9.0|6|1|8|4
70b3d5499aa0da7c|6|None,None|-0.0939,0.9524,-0.3660|-96|4.0|6|1|8|4
70b3d5499616b59e|6|None,None|-0.8119,-0.6174,-0.0314|-102|1.0|6|1|8|4
70b3d5499aa0da7c|7|None,None|-0.0981,0.9697,-0.3558|-94|5.0|6|1|8|4
70b3d5499616b59e|7|None,None|-0.8364,-0.5822,-0.0322|-101|2.0|6|1|8|4
70b3d5499aa0da7c|8|None,None|-0.1121,0.9489,-0.3394|-94|6.0|6|1|8|4
70b3d5499616b59e|8|None,None|-0.8223,-0.6036,-0.0436|-102|0.0|6|1|8|4
70b3d5499aa0da7c|9|None,None|-0.1787,0.8538,-0.1661|-92|6.0|6|1|8|4
70b3d5499616b59e|9|None,None|-0.9856,-0.8151,-0.2484|-114|-7.0|6|1|8|4
70b3d5499aa0da7c|1|None,None|0.0607,0.8859,-0.2632|-79|8.0|9|0|11|4
70b3d5499aa0da7c|2|None,None|0.0540,0.9630,-0.2712|-76|7.0|9|0|11|4
70b3d5499aa0da7c|4|None,None|-0.1378,1.2061,-0.3826|-54|7.0|9|0|11|4
70b3d5499aa0da7c|5|None,None|-0.0583,1.2244,-0.4291|-61|4.0|9|0|11|4
70b3d5499aa0da7c|6|None,None|-0.2427,1.1765,0.0198|-53|9.0|9|0|11|4
70b3d5499aa0da7c|7|None,None|-0.3068,0.9034,-0.3691|-53|4.0|9|0|11|4
70b3d5499aa0da7c|9|None,None|0.0493,1.1130,-0.2356|-56|8.0|9|0|11|4
70b3d5499aa0da7c|0|None,None|0.1273,1.2284,0.0653|-47|8.0|13|1|8|2
70b3d5499616b59e|0|None,None|-1.1338,-0.4127,0.1248|-44|7.0|13|1|8|2
70b3d5499aa0da7c|1|None,None|-0.1512,1.1145,-0.1030|-56|7.0|13|1|8|2
70b3d5499616b59e|1|None,None|-1.0555,-0.2129,0.4423|-42|7.0|13|1|8|2
70b3d5499aa0da7c|2|None,None|0.1895,1.0106,-0.3274|-32|7.0|13|1|8|2
70b3d5499616b59e|2|None,None|-1.4342,-0.6401,0.6771|-26|8.0|13|1|8|2
