70b3d5499aa0da7c|0|None,None|-0.8711,-0.4283,0.2578|-51|8.0|3|1|10|4
70b3d5499aa0da7c|1|None,None|-0.9130,-0.3978,0.0085|-51|8.0|3|1|10|4
70b3d5499aa0da7c|2|None,None|-0.9166,-0.3788,0.0562|-51|8.0|3|1|10|4
70b3d5499aa0da7c|3|None,None|-0.0099,-0.4727,0.8710|-56|9.0|3|1|10|4
70b3d5499aa0da7c|4|None,None|-0.2357,-0.4917,0.9059|-47|8.0|3|1|10|4
70b3d5499aa0da7c|5|None,None|-0.1884,-0.4202,0.9427|-53|7.0|3|1|10|4
70b3d5499aa0da7c|6|None,None|-0.3486,-0.5305,0.7458|-54|7.0|3|1|10|4
70b3d5499aa0da7c|7|None,None|0.0079,-0.4584,0.8422|-44|7.0|3|1|10|4
70b3d5499aa0da7c|8|None,None|-0.3746,-0.4500,0.2080|-54|6.0|3|1|10|4
70b3d5499aa0da7c|9|None,None|-0.0712,-0.4185,0.8198|-53|7.0|3|1|10|4
70b3d5499aa0da7c|0|None,None|-0.0961,-0.5424,0.7661|-74|8.0|4|1|10|4
70b3d5499aa0da7c|1|None,None|-0.0696,-0.6272,0.7474|-67|8.0|4|1|10|4
70b3d5499aa0da7c|2|None,None|-0.0946,-0.6135,0.7853|-75|8.0|4|1|10|4
70b3d5499aa0da7c|3|None,None|-0.2517,-0.6345,0.7106|-65|7.0|4|1|10|4
70b3d5499aa0da7c|4|None,None|-0.0374,-0.4958,0.8510|-67|5.0|4|1|10|4
70b3d5499aa0da7c|5|None,None|-0.1084,-0.4185,0.7616|-62|8.0|4|1|10|4
70b3d5499aa0da7c|6|None,None|-0.1865,-0.5076,0.7869|-64|8.0|4|1|10|4
70b3d5499aa0da7c|7|None,None|-0.1776,-0.6934,0.7159|-60|6.0|4|1|10|4
70b3d5499aa0da7c|8|None,None|-0.3893,-0.7377,0.7734|-58|7.0|4|1|10|4
70b3d5499aa0da7c|9|None,None|-0.2321,-0.4299,0.9186|-59|7.0|4|1|10|4
70b3d5499aa0da7c|0|None,None|0.0624,-0.4169,1.0177|-65|7.0|5|0|12|3
70b3d5499aa0da7c|1|None,None|-0.1210,-0.2894,0.8503|-76|7.0|5|0|12|3
70b3d5499aa0da7c|2|None,None|-0.1017,-0.4650,0.8032|-78|8.0|5|0|12|3
70b3d5499aa0da7c|3|None,None|-0.2001,-0.2750,1.0016|-86|5.0|5|0|12|3
70b3d5499aa0da7c|4|None,None|-0.1237,-0.4501,0.8588|-90|7.0|5|0|12|3
70b3d5499aa0da7c|5|None,None|-0.1416,-0.4252,0.8612|-103|0.0|5|0|12|3
70b3d5499aa0da7c|6|None,None|-0.1086,-0.3826,0.9233|-102|3.0|5|0|12|3
70b3d5499aa0da7c|8|None,None|-0.1497,-0.4048,0.8806|-117|-7.0|5|0|12|3
70b3d5499aa0da7c|0|None,None|-0.1431,-0.3917,0.9010|-100|5.0|4|1|9|3
70b3d5499aa0da7c|0|None,None|-0.4152,-0.5731,0.4740|-101|1.0|3|1|10|3
70b3d5499aa0da7c|2|None,None|-0.5000,-0.5846,0.8817|-103|-0.0|3|1|10|3
70b3d5499aa0da7c|4|None,None|-0.5439,-0.6226,0.7025|-101|1.0|3|1|10|3
70b3d5499aa0da7c|5|None,None|-0.4905,-0.2694,0.5958|-102|-0.0|3|1|10|3
70b3d5499aa0da7c|6|None,None|-0.4780,-0.3069,0.5286|-105|-1.0|3|1|10|3
70b3d5499aa0da7c|8|None,None|-0.6274,-0.5607,0.7888|-105|-1.0|3|1|10|3
70b3d5499aa0da7c|9|None,None|-0.1365,-0.2617,0.3286|-113|-8.0|3|1|10|3
70b3d5499aa0da7c|0|None,None|-0.5636,-0.4354,0.7933|-107|-3.0|13|0|12|1
70b3d5499aa0da7c|1|None,None|-0.4426,-0.4017,0.6537|-107|-2.0|13|0|12|1
70b3d5499aa0da7c|2|None,None|-0.4583,-0.3584,0.6410|-114|-6.0|13|0|12|1
70b3d5499aa0da7c|3|None,None|-0.3925,-0.3860,0.5585|-106|-1.0|13|0|12|1
70b3d5499aa0da7c|4|None,None|-0.4897,-0.5370,0.7921|-114|-7.0|13|0|12|1
70b3d5499aa0da7c|5|None,None|-0.4274,-0.5940,0.7330|-117|-9.0|13|0|12|1
70b3d5499aa0da7c|6|None,None|-0.5236,-0.6061,0.6566|-115|-6.0|13|0|12|1
70b3d5499aa0da7c|7|None,None|-0.4719,-0.6846,0.6375|-105|-0.0|13|0|12|1
70b3d5499aa0da7c|8|None,None|-0.5813,-0.4448,0.7428|-117|-8.0|13|0|12|1
70b3d5499aa0da7c|9|None,None|-0.6843,-0.4813,0.7474|-115|-6.0|13|0|12|1
70b3d5499aa0da7c|1|45.80863,15.9532|-0.b`<7,-0.3754,0.5699|-127|-17.0|8|0|11|1
70b3d5499aa0da7c|3|None,None|0.0145,0.3340,0.9532|-126|-19.0|14|1|12|4
70b3d5499aa0da7c|4|45.80183,15.95102|0.0399,0.3350,0.9469|-128|-20.0|14|1|12|4
70b3d5499aa0da7c|5|None,None|0.0396,0.3384,0.9415|-127|-19.0|14|1|12|4
70b3d5499aa0da7c|6|45.80184,15.95103|0.0464,0.3506,0.9489|-126|-19.0|14|1|12|4
70b3d5499aa0da7c|7|None,None|0.0350,0.3381,0.9523|-126|-19.0|14|1|12|4
70b3d5499aa0da7c|8|45.80184,15.95103|0.0483,0.3435,0.9473|-127|-19.0|14|1|12|4
70b3d5499aa0da7c|9|45.80183,15.95103|0.0398,0.3350,0.9487|-127|-19.0|14|1|12|4
70b3d5499aa0da7c|0|45.80184,15.95105|0.0315,0.3257,0.9532|-126|-19.0|14|1|12|4
70b3d5499aa0da7c|1|None,None|0.0287,0.3188,0.9557|-124|-19.0|14|1|12|4
70b3d5499aa0da7c|2|None,None|0.0161,0.3065,0.9659|-126|-19.0|14|1|12|4
70b3d5499aa0da7c|3|45.80184,15.95105|0.0222,0.3092,0.9657|-127|-20.0|14|1|12|4
70b3d5499aa0da7c|4|None,None|-0.0050,0.2963,0.9775|-128|-21.0|14|1|12|4
70b3d5499aa0da7c|5|None,None|0.0048,0.3016,0.9603|-126|-18.0|14|1|12|4
70b3d5499aa0da7c|6|45.80188,15.951|0.0197,0.3003,0.9708|-128|-20.0|14|1|12|4
70b3d5499aa0da7c|7|None,None|0.0143,0.3031,0.9609|-127|-20.0|14|1|12|4
70b3d5499aa0da7c|8|None,None|0.0173,0.3066,0.9731|-125|-20.0|14|1|12|4
70b3d5499aa0da7c|9|None,None|0.0078,0.2867,0.9590|-127|-20.0|14|1|12|4
70b3d5499aa0da7c|0|45.80306,15.95884|-0.4854,0.8851,0.1829|-121|-11.0|5|0|12|3
70b3d5499aa0da7c|1|None,None|-0.6234,1.5197,0.4890|-122|-13.0|5|0|12|3
70b3d5499aa0da7c|2|45.80309,15.95883|-0.3392,0.9003,0.3240|-120|-11.0|5|0|12|3
70b3d5499aa0da7c|3|None,None|-0.3094,0.7545,0.3195|-123|-13.0|5|0|12|3
70b3d5499aa0da7c|4|45.80312,15.95882|-0.4243,0.9188,0.1885|-121|-12.0|5|0|12|3
70b3d5499aa0da7c|8|None,None|-0.4071,1.0505,0.2880|-118|-8.0|5|0|12|3
70b3d5499aa0da7c|0|45.80396,15.95845|-0.4430,1.0764,0.2439|-115|-6.0|5|0|12|3
70b3d5499aa0da7c|1|None,None|-0.2408,0.8496,0.2911|-111|-3.0|5|0|12|3
70b3d5499aa0da7c|2|45.804,15.95843|-0.4385,0.8557,0.2816|-106|-1.0|5|0|12|3
70b3d5499aa0da7c|0|45.8054,15.9581|-0.5233,1.1758,0.3368|-95|3.0|4|1|12|2
70b3d5499aa0da7c|1|45.80538,15.95778|-0.4595,0.9141,0.3014|-100|-0.0|4|1|12|2
70b3d5499aa0da7c|2|None,None|-0.3695,0.8541,0.2982|-100|0.0|4|1|12|2
70b3d5499aa0da7c|3|45.80536,15.95775|-0.3690,0.8041,0.3490|-100|0.0|4|1|12|2
70b3d5499aa0da7c|4|None,None|-0.2729,0.8650,0.3374|-98|2.0|4|1|12|2
70b3d5499aa0da7c|5|None,None|-0.0071,2.1936,0.2350|-91|6.0|4|1|12|2
70b3d5499aa0da7c|6|45.80531,15.95771|-0.3868,1.1692,0.1158|-94|6.0|4|1|12|2
70b3d5499aa0da7c|7|45.80519,15.95756|-0.4407,0.9491,0.3463|-96|3.0|4|1|12|2
70b3d5499aa0da7c|8|None,None|-0.3956,1.2292,0.1926|-96|5.0|4|1|12|2
70b3d5499aa0da7c|9|None,None|-0.3929,0.7826,0.0936|-95|6.0|4|1|12|2
70b3d5499aa0da7c|0|None,None|-0.0774,0.7947,0.0034|-73|8.0|8|1|10|3
70b3d5499aa0da7c|1|45.80524,15.95707|-0.4763,0.6924,0.3087|-61|6.0|8|1|10|3
70b3d5499aa0da7c|2|None,None|-0.1204,1.0280,0.0289|-60|7.0|8|1|10|3
70b3d5499aa0da7c|3|None,None|-0.3995,0.8831,0.0500|-68|9.0|8|1|10|3
70b3d5499aa0da7c|4|45.8053,15.95724|-0.3922,1.1415,-0.0189|-62|8.0|8|1|10|3
70b3d5499aa0da7c|5|None,None|-0.8119,0.8353,0.3922|-70|6.0|8|1|10|3
70b3d5499aa0da7c|6|45.8053,15.95724|-0.4360,0.8890,0.2565|-79|8.0|8|1|10|3
70b3d5499aa0da7c|7|None,None|-0.8513,0.6141,0.3284|-73|9.0|8|1|10|3
70b3d5499aa0da7c|8|45.80531,15.95726|-0.8160,0.5610,0.1093|-70|7.0|8|1|10|3
70b3d5499aa0da7c|9|None,None|-0.4174,0.8856,0.3298|-73|7.0|8|1|10|3
70b3d5499aa0da7c|0|45.80546,15.9572|-0.6635,0.7111,0.1882|-71|7.0|14|1|9|1
70b3d5499aa0da7c|1|None,None|-0.6304,0.7595,0.1345|-66|7.0|14|1|9|1
70b3d5499aa0da7c|2|45.80548,15.95717|-0.6512,0.7424,0.1840|-66|7.0|14|1|9|1
70b3d5499aa0da7c|3|None,None|-0.6407,0.7545,0.1630|-67|8.0|14|1|9|1
70b3d5499aa0da7c|4|45.80549,15.95716|-0.6549,0.7537,0.1658|-65|6.0|14|1|9|1
70b3d5499aa0da7c|5|45.80554,15.95711|-0.6659,0.7750,0.1594|-66|6.0|14|1|9|1
70b3d5499aa0da7c|6|None,None|-0.6156,0.7455,-0.2775|-63|8.0|14|1|9|1
70b3d5499aa0da7c|7|45.80554,15.95711|-0.5892,0.1764,-0.4675|-61|6.0|14|1|9|1
70b3d5499aa0da7c|8|None,None|-0.6921,0.7473,0.0784|-61|7.0|14|1|9|1
70b3d5499aa0da7c|9|45.80554,15.95711|-0.9266,0.3586,0.1245|-64|7.0|14|1|9|1
70b3d5499aa0da7c|0|None,None|-0.4161,0.9438,-0.3446|-99|2.0|3|1|12|3
70b3d5499aa0da7c|1|45.80544,15.95735|-0.1497,0.7592,-0.8318|-92|6.0|3|1|12|3
70b3d5499aa0da7c|2|None,None|-0.5459,0.7030,-0.0945|-98|4.0|3|1|12|3
70b3d5499aa0da7c|3|45.80545,15.95735|-0.4053,0.5107,0.0170|-101|1.0|3|1|12|3
70b3d5499aa0da7c|4|None,None|0.2598,0.8695,-0.3392|-99|3.0|3|1|12|3
70b3d5499aa0da7c|5|45.80546,15.95735|-0.5085,0.8309,-0.1760|-98|4.0|3|1|12|3
70b3d5499aa0da7c|6|None,None|-0.1819,0.9736,-0.1135|-99|3.0|3|1|12|3
70b3d5499aa0da7c|7|None,None|-0.1577,0.9487,0.1823|-103|2.0|3|1|12|3
70b3d5499aa0da7c|8|None,None|-0.0776,1.0223,-0.1687|-106|-1.0|3|1|12|3
70b3d5499aa0da7c|9|None,None|-0.1233,0.9681,-0.2208|-99|4.0|3|1|12|3
70b3d5499aa0da7c|0|None,None|-0.3270,0.9478,-0.1295|-98|7.0|12|0|9|3
70b3d5499aa0da7c|1|None,None|-0.3586,0.9390,-0.1466|-101|5.0|12|0|9|3
70b3d5499aa0da7c|2|None,None|-0.4408,0.9198,-0.1354|-92|8.0|12|0|9|3
70b3d5499aa0da7c|3|None,None|-0.4144,0.9260,-0.1298|-90|7.0|12|0|9|3
70b3d5499aa0da7c|4|None,None|-0.2832,0.9967,-0.0253|-98|5.0|12|0|9|3
70b3d5499aa0da7c|5|None,None|-0.3682,0.9172,-0.2167|-91|6.0|12|0|9|3
70b3d5499aa0da7c|6|None,None|-0.3734,0.9150,-0.2144|-76|8.0|12|0|9|3
70b3d5499aa0da7c|7|None,None|-0.2747,0.9563,-0.1738|-79|7.0|12|0|9|3
70b3d5499aa0da7c|8|None,None|-0.2961,1.0259,-0.1520|-63|8.0|12|0|9|3
70b3d5499aa0da7c|9|None,None|-0.5677,0.9115,0.0669|-69|8.0|12|0|9|3
70b3d5499aa0da7c|0|None,None|-0.2131,1.0510,0.0938|-61|7.0|3|1|12|3
70b3d5499aa0da7c|1|None,None|-0.3301,0.9772,-0.1268|-69|8.0|3|1|12|3
70b3d5499aa0da7c|2|None,None|-0.1539,0.9561,0.0144|-60|8.0|3|1|12|3
70b3d5499aa0da7c|3|None,None|0.0054,1.1812,-0.0015|-50|7.0|3|1|12|3
70b3d5499aa0da7c|4|None,None|-0.3839,0.9781,0.0184|-48|8.0|3|1|12|3
70b3d5499aa0da7c|5|None,None|-0.3341,0.9690,-0.0054|-46|8.0|3|1|12|3
70b3d5499aa0da7c|6|None,None|-0.7311,0.8407,0.1290|-62|8.0|3|1|12|3
70b3d5499aa0da7c|7|None,None|-0.4492,0.9877,-0.1187|-67|9.0|3|1|12|3
70b3d5499aa0da7c|8|None,None|-0.1461,1.0703,-0.1847|-58|8.0|3|1|12|3
70b3d5499aa0da7c|9|None,None|-0.4724,1.0114,-0.0444|-58|8.0|3|1|12|3
70b3d5499aa0da7c|0|None,None|-0.3267,0.8722,0.3707|-50|6.0|11|1|9|2
70b3d5499aa0da7c|1|None,None|-0.2560,0.9678,0.0615|-52|8.0|11|1|9|2
70b3d5499aa0da7c|2|None,None|-0.5549,0.9366,-0.2756|-50|8.0|11|1|9|2
70b3d5499aa0da7c|3|None,None|-0.6393,0.6980,-0.2596|-51|8.0|11|1|9|2
70b3d5499aa0da7c|4|None,None|-0.9969,0.0815,-0.3269|-46|8.0|11|1|9|2
70b3d5499aa0da7c|5|None,None|0.0648,0.0669,1.0242|-54|8.0|11|1|9|2
70b3d5499aa0da7c|6|None,None|0.1013,0.5103,1.2170|-47|8.0|11|1|9|2
70b3d5499aa0da7c|7|None,None|0.1948,0.1792,0.9703|-49|7.0|11|1|9|2
70b3d5499aa0da7c|8|None,None|0.4633,0.1100,0.7070|-59|8.0|11|1|9|2
70b3d5499aa0da7c|9|None,None|0.2361,-0.0192,1.6938|-64|8.0|11|1|9|2
70b3d5499aa0da7c|0|None,None|-0.0565,0.0594,0.9899|-54|6.0|4|1|12|4
70b3d5499aa0da7c|1|None,None|-0.0056,0.0730,0.9916|-54|5.0|4|1|12|4
70b3d5499aa0da7c|2|None,None|-0.0983,-0.0195,1.0106|-56|6.0|4|1|12|4
70b3d5499aa0da7c|3|None,None|-0.0636,0.0309,1.0031|-56|6.0|4|1|12|4
70b3d5499aa0da7c|4|None,None|-0.0867,0.0359,0.9989|-56|7.0|4|1|12|4
70b3d5499aa0da7c|5|None,None|-0.0470,0.0427,1.0070|-54|8.0|4|1|12|4
70b3d5499aa0da7c|6|None,None|-0.4930,-0.0651,0.7844|-53|8.0|4|1|12|4
70b3d5499aa0da7c|7|None,None|-0.4783,-0.0125,0.6290|-51|7.0|4|1|12|4
70b3d5499aa0da7c|8|None,None|-0.5579,0.3569,0.9926|-53|7.0|4|1|12|4
70b3d5499aa0da7c|9|None,None|-0.1487,0.2878,0.9600|-52|7.0|4|1|12|4
70b3d5499aa0da7c|0|None,None|-0.0066,0.1389,0.9784|-57|6.0|3|1|12|3
70b3d5499aa0da7c|1|None,None|0.0918,-0.0851,0.8948|-54|7.0|3|1|12|3
70b3d5499aa0da7c|2|None,None|0.0757,-0.0203,1.0060|-53|8.0|3|1|12|3
70b3d5499aa0da7c|3|None,None|0.0288,0.0649,0.9983|-52|8.0|3|1|12|3
70b3d5499aa0da7c|4|None,None|-0.0176,0.0461,1.0034|-53|8.0|3|1|12|3
70b3d5499aa0da7c|5|None,None|-0.0070,0.0439,1.0043|-56|7.0|3|1|12|3
70b3d5499aa0da7c|6|None,None|-0.0038,0.0461,1.0046|-56|7.0|3|1|12|3
70b3d5499aa0da7c|7|None,None|-0.0040,0.0437,1.0045|-53|8.0|3|1|12|3
70b3d5499aa0da7c|8|None,None|0.0094,0.0349,1.0054|-53|8.0|3|1|12|3
70b3d5499aa0da7c|9|None,None|-0.0033,0.0446,1.0032|-60|8.0|3|1|12|3
70b3d5499aa0da7c|0|None,None|-0.0039,0.0436,1.0040|-61|7.0|7|1|9|3
70b3d5499aa0da7c|1|None,None|-0.0043,0.0446,1.0034|-60|7.0|7|1|9|3
70b3d5499aa0da7c|2|None,None|-0.0070,0.0438,1.0042|-60|8.0|7|1|9|3
70b3d5499aa0da7c|3|None,None|-0.0029,0.0432,1.0040|-60|7.0|7|1|9|3
70b3d5499aa0da7c|4|None,None|-0.0048,0.0437,1.0022|-56|7.0|7|1|9|3
70b3d5499aa0da7c|5|None,None|-0.0081,0.0433,1.0050|-58|8.0|7|1|9|3
70b3d5499aa0da7c|6|None,None|-0.0061,0.0447,1.0052|-58|8.0|7|1|9|3
70b3d5499aa0da7c|7|None,None|-0.0055,0.0444,1.0051|-56|6.0|7|1|9|3
70b3d5499aa0da7c|8|None,None|-0.0051,0.0428,1.0024|-50|8.0|7|1|9|3
70b3d5499aa0da7c|9|None,None|-0.0044,0.0422,1.0032|-57|8.0|7|1|9|3
70b3d5499aa0da7c|0|None,None|-0.0050,0.0417,1.0026|-53|7.0|4|0|12|4
70b3d5499aa0da7c|1|None,None|-0.0065,0.0421,1.0035|-51|8.0|4|0|12|4
70b3d5499aa0da7c|2|None,None|-0.0040,0.0430,1.0051|-56|9.0|4|0|12|4
70b3d5499aa0da7c|3|None,None|-0.0051,0.0424,1.0038|-54|8.0|4|0|12|4
70b3d5499aa0da7c|4|None,None|-0.0055,0.0433,1.0054|-54|6.0|4|0|12|4
70b3d5499aa0da7c|5|None,None|-0.0037,0.0414,1.0046|-59|6.0|4|0|12|4
70b3d5499aa0da7c|7|None,None|-0.0037,0.0417,1.0040|-58|6.0|4|0|12|4
70b3d5499aa0da7c|9|None,None|-0.0074,0.0441,1.0021|-65|6.0|4|0|12|4
70b3d5499aa0da7c|0|None,None|-0.0067,0.0435,1.0042|-52|8.0|13|1|8|2
70b3d5499aa0da7c|1|None,None|-0.0026,0.0432,1.0033|-51|7.0|13|1|8|2
70b3d5499aa0da7c|2|None,None|-0.0059,0.0426,1.0044|-52|8.0|13|1|8|2
70b3d5499aa0da7c|3|None,None|-0.0063,0.0425,1.0015|-52|8.0|13|1|8|2
70b3d5499aa0da7c|4|None,None|-0.0060,0.0439,1.0044|-52|8.0|13|1|8|2
70b3d5499aa0da7c|5|None,None|-0.0038,0.0424,1.0031|-53|8.0|13|1|8|2
70b3d5499aa0da7c|6|None,None|-0.0093,0.0428,1.0037|-52|8.0|13|1|8|2
70b3d5499aa0da7c|7|None,None|-0.0056,0.0425,1.0038|-52|8.0|13|1|8|2
70b3d5499aa0da7c|8|None,None|-0.0070,0.0431,1.0042|-51|8.0|13|1|8|2
70b3d5499aa0da7c|9|None,None|-0.0072,0.0443,1.0046|-51|8.0|13|1|8|2
70b3d5499aa0da7c|0|None,None|-0.0048,0.0425,1.0022|-56|5.0|11|1|11|2
70b3d5499aa0da7c|1|None,None|-0.0055,0.0417,1.0049|-57|5.0|11|1|11|2
70b3d5499aa0da7c|2|None,None|-0.0063,0.0422,1.0046|-53|7.0|11|1|11|2
70b3d5499aa0da7c|3|None,None|-0.0087,0.0416,1.0049|-51|7.0|11|1|11|2
70b3d5499aa0da7c|4|None,None|-0.0050,0.0447,1.0017|-57|7.0|11|1|11|2
70b3d5499aa0da7c|5|None,None|-0.0045,0.0442,1.0026|-57|7.0|11|1|11|2
70b3d5499aa0da7c|6|None,None|-0.0076,0.0417,1.0032|-56|7.0|11|1|11|2
70b3d5499aa0da7c|7|None,None|-0.0056,0.0431,1.0021|-51|7.0|11|1|11|2
70b3d5499aa0da7c|8|None,None|-0.0055,0.0417,1.0039|-51|6.0|11|1|11|2
70b3d5499aa0da7c|9|None,None|-0.0040,0.0421,1.0046|-52|8.0|11|1|11|2
70b3d5499aa0da7c|0|None,None|-0.0065,0.0427,1.0044|-59|7.0|6|0|8|4
70b3d5499aa0da7c|1|None,None|-0.0042,0.0426,1.0038|-60|6.0|6|0|8|4
70b3d5499aa0da7c|2|None,None|-0.0074,0.0435,1.0027|-58|7.0|6|0|8|4
70b3d5499aa0da7c|3|None,None|-0.0088,0.0427,1.0027|-56|6.0|6|0|8|4
70b3d5499aa0da7c|4|None,None|-0.0042,0.0443,1.0034|-58|7.0|6|0|8|4
70b3d5499aa0da7c|5|None,None|-0.0027,0.0420,1.0026|-58|7.0|6|0|8|4
70b3d5499aa0da7c|6|None,None|-0.0066,0.0410,1.0026|-63|7.0|6|0|8|4
70b3d5499aa0da7c|7|None,None|-0.0065,0.0443,1.0052|-62|7.0|6|0|8|4
70b3d5499aa0da7c|8|None,None|-0.0076,0.0430,1.0029|-59|7.0|6|0|8|4
70b3d5499aa0da7c|9|None,None|-0.0046,0.0416,1.0055|-60|7.0|6|0|8|4
70b3d5499aa0da7c|0|None,None|-0.0067,0.0422,1.0033|-53|6.0|8|1|7|2
70b3d5499aa0da7c|1|None,None|-0.0048,0.0428,1.0067|-54|6.0|8|1|7|2
70b3d5499aa0da7c|2|None,None|-0.0061,0.0432,1.0044|-54|6.0|8|1|7|2
70b3d5499aa0da7c|3|None,None|-0.0079,0.0426,1.0016|-53|6.0|8|1|7|2
70b3d5499aa0da7c|4|None,None|-0.0045,0.0433,1.0043|-53|6.0|8|1|7|2
70b3d5499aa0da7c|5|None,None|-0.0033,0.0426,1.0070|-53|6.0|8|1|7|2
70b3d5499aa0da7c|6|None,None|-0.0061,0.0442,1.0022|-53|6.0|8|1|7|2
70b3d5499aa0da7c|7|None,None|-0.0072,0.0428,1.0040|-53|6.0|8|1|7|2
70b3d5499aa0da7c|8|None,None|-0.0045,0.0421,1.0039|-53|6.0|8|1|7|2
70b3d5499aa0da7c|9|None,None|-0.0045,0.0420,1.0021|-53|6.0|8|1|7|2
70b3d5499aa0da7c|0|None,None|-0.0028,0.0448,1.0017|-52|8.0|13|1|8|2
70b3d5499aa0da7c|1|None,None|-0.0072,0.0406,1.0034|-52|8.0|13|1|8|2
70b3d5499aa0da7c|2|None,None|-0.0077,0.0419,1.0011|-51|8.0|13|1|8|2
70b3d5499aa0da7c|3|None,None|-0.0094,0.0419,1.0031|-51|8.0|13|1|8|2
70b3d5499aa0da7c|4|None,None|-0.0045,0.0425,1.0034|-51|8.0|13|1|8|2
70b3d5499aa0da7c|5|None,None|-0.0098,0.0422,1.0059|-50|8.0|13|1|8|2
70b3d5499aa0da7c|6|None,None|-0.0054,0.0443,1.0037|-58|7.0|13|1|8|2
70b3d5499aa0da7c|7|None,None|-0.0077,0.0422,1.0050|-56|7.0|13|1|8|2
70b3d5499aa0da7c|8|None,None|-0.0094,0.0425,1.0066|-52|8.0|13|1|8|2
70b3d5499aa0da7c|9|None,None|-0.0042,0.0405,1.0063|-52|8.0|13|1|8|2
70b3d5499aa0da7c|0|None,None|-0.0044,0.0426,1.0042|-54|7.0|11|0|11|2
70b3d5499aa0da7c|1|None,None|-0.0054,0.0432,1.0026|-56|6.0|11|0|11|2
70b3d5499aa0da7c|2|None,None|-0.0099,0.0430,1.0043|-53|7.0|11|0|11|2
70b3d5499aa0da7c|3|None,None|-0.0066,0.0406,1.0042|-57|7.0|11|0|11|2
70b3d5499aa0da7c|4|None,None|-0.0077,0.0425,1.0052|-68|7.0|11|0|11|2
70b3d5499aa0da7c|5|None,None|-0.0059,0.0421,1.0037|-58|7.0|11|0|11|2
70b3d5499aa0da7c|6|None,None|-0.0082,0.0419,1.0037|-54|8.0|11|0|11|2
70b3d5499aa0da7c|7|None,None|-0.0057,0.0427,1.0037|-60|9.0|11|0|11|2
70b3d5499aa0da7c|8|None,None|-0.0039,0.0433,1.0045|-57|10.0|11|0|11|2
70b3d5499aa0da7c|9|None,None|-0.0060,0.0433,1.0029|-51|9.0|11|0|11|2
70b3d5499aa0da7c|0|None,None|-0.0044,0.0413,1.0042|-58|8.0|6|0|8|4
70b3d5499aa0da7c|1|None,None|-0.0056,0.0435,1.0043|-58|7.0|6|0|8|4
70b3d5499aa0da7c|2|None,None|-0.0084,0.0433,1.0043|-58|7.0|6|0|8|4
70b3d5499aa0da7c|3|None,None|-0.0038,0.0415,1.0022|-59|7.0|6|0|8|4
70b3d5499aa0da7c|4|None,None|-0.0048,0.0424,1.0042|-59|7.0|6|0|8|4
70b3d5499aa0da7c|5|None,None|-0.0049,0.0432,1.0039|-59|7.0|6|0|8|4
70b3d5499aa0da7c|6|None,None|-0.0066,0.0413,1.0040|-58|7.0|6|0|8|4
70b3d5499aa0da7c|8|None,None|-0.0057,0.0411,1.0028|-58|7.0|6|0|8|4
70b3d5499aa0da7c|9|None,None|-0.0046,0.0421,1.0065|-62|8.0|6|0|8|4
70b3d5499aa0da7c|0|None,None|-0.0033,0.0443,1.0046|-76|7.0|8|1|11|2
70b3d5499aa0da7c|1|None,None|-0.0059,0.0442,1.0028|-60|7.0|8|1|11|2
70b3d5499aa0da7c|2|None,None|-0.0066,0.0422,1.0035|-63|8.0|8|1|11|2
70b3d5499aa0da7c|3|None,None|-0.0089,0.0427,1.0043|-73|7.0|8|1|11|2
70b3d5499aa0da7c|4|None,None|-0.0023,0.0431,1.0022|-65|7.0|8|1|11|2
70b3d5499aa0da7c|5|None,None|-0.0098,0.0438,1.0046|-60|8.0|8|1|11|2
70b3d5499aa0da7c|6|None,None|-0.0090,0.0419,1.0045|-56|6.0|8|1|11|2
70b3d5499aa0da7c|7|None,None|-0.0070,0.0419,1.0026|-56|7.0|8|1|11|2
70b3d5499aa0da7c|8|None,None|-0.0083,0.0415,1.0033|-53|7.0|8|1|11|2
70b3d5499aa0da7c|9|None,None|-0.0056,0.0426,1.0042|-50|6.0|8|1|11|2
70b3d5499aa0da7c|0|None,None|-0.0061,0.0414,1.0021|-58|7.0|13|1|8|2
70b3d5499aa0da7c|1|None,None|-0.0065,0.0425,1.0031|-60|7.0|13|1|8|2
70b3d5499aa0da7c|2|None,None|-0.0045,0.0413,1.0067|-65|7.0|13|1|8|2
70b3d5499aa0da7c|3|None,None|-0.4227,0.2910,0.6134|-56|8.0|13|1|8|2
70b3d5499aa0da7c|4|None,None|-0.0403,0.9767,0.2499|-47|8.0|13|1|8|2
70b3d5499aa0da7c|5|None,None|0.2516,0.9207,0.3778|-53|7.0|13|1|8|2
70b3d5499aa0da7c|6|None,None|0.1144,0.8624,0.5059|-50|7.0|13|1|8|2
70b3d5499aa0da7c|7|None,None|0.3301,1.0089,0.3347|-59|7.0|13|1|8|2
70b3d5499aa0da7c|8|None,None|0.3114,0.8149,0.6517|-56|7.0|13|1|8|2
70b3d5499aa0da7c|9|None,None|0.1627,1.1245,0.1637|-60|7.0|13|1|8|2
70b3d5499aa0da7c|0|None,None|-0.1765,0.8798,-0.4220|-50|9.0|11|0|11|4
70b3d5499aa0da7c|1|None,None|0.1945,0.9131,-0.3018|-47|6.0|11|0|11|4
70b3d5499aa0da7c|2|None,None|-0.1190,0.9773,-0.3152|-49|7.0|11|0|11|4
70b3d5499aa0da7c|3|None,None|0.0624,0.9042,-0.2891|-41|7.0|11|0|11|4
70b3d5499aa0da7c|4|None,None|0.0623,0.9698,-0.2599|-42|7.0|11|0|11|4
70b3d5499aa0da7c|5|None,None|0.0583,0.9867,-0.2654|-54|8.0|11|0|11|4
70b3d5499aa0da7c|6|None,None|0.0778,0.9783,-0.2086|-58|8.0|11|0|11|4
70b3d5499aa0da7c|7|None,None|0.2144,1.0917,-0.4308|-48|9.0|11|0|11|4
70b3d5499aa0da7c|8|None,None|0.3378,1.4077,-0.1514|-40|9.0|11|0|11|4
70b3d5499aa0da7c|9|None,None|-0.6755,0.8301,0.0337|-47|8.0|11|0|11|4
70b3d5499aa0da7c|0|None,None|-0.3900,0.9371,0.2646|-49|6.0|6|0|10|4
70b3d5499aa0da7c|1|None,None|-0.5565,0.8191,0.1644|-50|8.0|6|0|10|4
70b3d5499aa0da7c|2|None,None|-0.1781,0.9735,-0.3016|-40|8.0|6|0|10|4
70b3d5499aa0da7c|3|None,None|-0.4929,0.9861,-0.2933|-44|6.0|6|0|10|4
70b3d5499aa0da7c|4|None,None|-0.4531,1.0172,0.0098|-43|7.0|6|0|10|4
70b3d5499aa0da7c|5|None,None|-0.0016,0.7845,0.0588|-45|7.0|6|0|10|4
70b3d5499aa0da7c|6|None,None|0.1069,1.0249,0.1022|-43|7.0|6|0|10|4
70b3d5499aa0da7c|7|None,None|0.1096,1.0249,0.0927|-45|8.0|6|0|10|4
70b3d5499aa0da7c|8|None,None|0.0360,1.1608,0.3179|-58|7.0|6|0|10|4
70b3d5499aa0da7c|9|None,None|0.0618,0.9094,0.1545|-50|7.0|6|0|10|4
70b3d5499aa0da7c|0|None,None|-0.0178,0.8016,0.6075|-40|6.0|8|1|11|2
70b3d5499aa0da7c|1|None,None|-0.0106,0.8232,0.6149|-40|5.0|8|1|11|2
70b3d5499aa0da7c|2|None,None|-0.0149,0.8158,0.6085|-40|6.0|8|1|11|2
70b3d5499aa0da7c|3|None,None|0.0085,0.8131,0.6141|-39|5.0|8|1|11|2
70b3d5499aa0da7c|4|None,None|-0.0175,0.8066,0.6079|-40|6.0|8|1|11|2
70b3d5499aa0da7c|5|None,None|-0.0192,0.8088,0.6097|-40|5.0|8|1|11|2
70b3d5499aa0da7c|6|None,None|-0.0179,0.8118,0.6139|-40|6.0|8|1|11|2
70b3d5499aa0da7c|7|None,None|0.0299,0.8250,0.5935|-40|5.0|8|1|11|2
70b3d5499aa0da7c|8|None,None|0.0310,0.8215,0.5961|-40|5.0|8|1|11|2
70b3d5499aa0da7c|9|None,None|0.0211,0.8163,0.6014|-39|5.0|8|1|11|2
70b3d5499aa0da7c|0|None,None|0.0055,0.7994,0.6442|-31|7.0|13|1|8|2
70b3d5499aa0da7c|1|None,None|0.0162,0.7725,0.6565|-31|7.0|13|1|8|2
70b3d5499aa0da7c|2|None,None|0.0581,0.8171,0.6425|-31|7.0|13|1|8|2
70b3d5499aa0da7c|3|None,None|-0.0569,0.7728,0.6469|-31|8.0|13|1|8|2
70b3d5499aa0da7c|4|None,None|-0.0029,0.7915,0.6608|-30|7.0|13|1|8|2
70b3d5499aa0da7c|5|None,None|-0.0392,0.7778,0.6440|-31|7.0|13|1|8|2
70b3d5499aa0da7c|6|None,None|-0.0248,0.5674,0.5254|-32|7.0|13|1|8|2
70b3d5499aa0da7c|7|None,None|0.2195,-0.1514,0.9823|-41|7.0|13|1|8|2
70b3d5499aa0da7c|8|None,None|0.2170,-0.1682,0.9622|-42|8.0|13|1|8|2
70b3d5499aa0da7c|9|None,None|0.2710,-0.1517,1.0338|-43|8.0|13|1|8|2
70b3d5499aa0da7c|0|None,None|0.1798,0.3223,0.9341|-48|6.0|11|1|11|4
70b3d5499aa0da7c|1|None,None|0.0684,0.2849,0.9706|-48|7.0|11|1|11|4
70b3d5499aa0da7c|2|None,None|0.0459,0.2966,0.9719|-47|7.0|11|1|11|4
70b3d5499aa0da7c|3|None,None|0.0599,0.2889,0.9705|-48|6.0|11|1|11|4
70b3d5499aa0da7c|4|None,None|0.1006,0.6375,0.7013|-41|7.0|11|1|11|4
70b3d5499aa0da7c|5|None,None|0.2052,0.9822,0.1243|-47|8.0|11|1|11|4
70b3d5499aa0da7c|6|None,None|-0.4767,0.8412,0.3789|-42|7.0|11|1|11|4
70b3d5499aa0da7c|7|None,None|-0.0232,0.9781,0.0419|-42|8.0|11|1|11|4
70b3d5499aa0da7c|8|None,None|-0.1152,0.9952,0.1893|-42|7.0|11|1|11|4
70b3d5499aa0da7c|9|None,None|0.0925,0.7777,0.4188|-51|8.0|11|1|11|4
70b3d5499aa0da7c|0|None,None|-0.0833,1.1398,0.3131|-51|7.0|6|0|8|4
70b3d5499aa0da7c|1|None,None|-0.1117,0.9856,0.1831|-50|7.0|6|0|8|4
70b3d5499aa0da7c|2|None,None|0.1401,0.9672,0.3826|-47|8.0|6|0|8|4
70b3d5499aa0da7c|3|None,None|-0.3773,1.0945,0.4187|-58|7.0|6|0|8|4
70b3d5499aa0da7c|4|None,None|-0.1730,0.9130,0.3026|-58|7.0|6|0|8|4
70b3d5499aa0da7c|5|None,None|-0.0023,0.9954,0.2032|-60|7.0|6|0|8|4
70b3d5499aa0da7c|6|None,None|-0.0159,0.9921,0.2262|-61|7.0|6|0|8|4
70b3d5499aa0da7c|7|None,None|0.1134,0.4524,0.8773|-61|7.0|6|0|8|4
70b3d5499aa0da7c|8|None,None|0.1315,0.4778,0.8467|-58|7.0|6|0|8|4
70b3d5499aa0da7c|9|None,None|0.0168,0.9386,0.3346|-52|7.0|6|0|8|4
70b3d5499aa0da7c|0|None,None|-0.8275,1.0599,-0.2646|-53|7.0|8|1|11|2
70b3d5499aa0da7c|1|None,None|-0.5955,0.6987,0.2369|-52|8.0|8|1|11|2
70b3d5499aa0da7c|2|None,None|-0.3563,0.9720,0.2941|-52|7.0|8|1|11|2
70b3d5499aa0da7c|3|None,None|-0.4711,0.7690,0.4430|-59|8.0|8|1|11|2
70b3d5499aa0da7c|4|None,None|-0.8300,0.6597,0.2678|-67|7.0|8|1|11|2
70b3d5499aa0da7c|5|None,None|-0.4988,0.9156,0.1456|-66|6.0|8|1|11|2
70b3d5499aa0da7c|6|None,None|-0.4264,1.0153,0.3174|-64|8.0|8|1|11|2
70b3d5499aa0da7c|7|None,None|-0.7979,0.8568,-0.1412|-71|7.0|8|1|11|2
70b3d5499aa0da7c|8|None,None|0.0552,0.2330,1.0612|-65|7.0|8|1|11|2
70b3d5499aa0da7c|9|None,None|0.0925,0.1782,0.9906|-62|7.0|8|1|11|2
70b3d5499aa0da7c|0|None,None|0.3184,-0.5485,0.8995|-54|6.0|13|1|8|2
70b3d5499aa0da7c|1|None,None|0.1836,-0.6151,0.7755|-51|8.0|13|1|8|2
70b3d5499aa0da7c|2|None,None|0.2402,-0.5946,0.7834|-54|6.0|13|1|8|2
70b3d5499aa0da7c|3|None,None|0.4995,-0.4113,0.5227|-58|6.0|13|1|8|2
70b3d5499aa0da7c|4|None,None|0.7793,-0.3871,0.4563|-56|8.0|13|1|8|2
70b3d5499aa0da7c|5|None,None|0.8976,-0.3700,0.3778|-59|7.0|13|1|8|2
70b3d5499aa0da7c|6|None,None|0.8418,-0.3585,0.3887|-64|7.0|13|1|8|2
70b3d5499aa0da7c|7|None,None|0.8236,-0.2466,0.4230|-68|7.0|13|1|8|2
70b3d5499aa0da7c|8|None,None|0.8389,-0.3088,0.5382|-67|7.0|13|1|8|2
70b3d5499aa0da7c|9|None,None|0.6434,-0.2676,0.6187|-61|7.0|13|1|8|2
70b3d5499aa0da7c|0|None,None|0.1489,-0.5328,0.8281|-62|10.0|11|0|11|4
70b3d5499aa0da7c|1|None,None|0.1243,-0.5243,0.8275|-63|7.0|11|0|11|4
70b3d5499aa0da7c|2|None,None|-0.1682,-0.5543,0.9926|-71|7.0|11|0|11|4
70b3d5499aa0da7c|3|None,None|-0.1549,-0.1559,0.9019|-56|7.0|11|0|11|4
70b3d5499aa0da7c|4|None,None|-0.0443,0.0994,0.9404|-66|7.0|11|0|11|4
70b3d5499aa0da7c|5|None,None|-0.0680,-0.1483,0.9783|-65|8.0|11|0|11|4
70b3d5499aa0da7c|6|None,None|-0.1439,-0.1219,1.0455|-61|8.0|11|0|11|4
70b3d5499aa0da7c|7|None,None|-0.4414,-0.1152,0.8950|-67|9.0|11|0|11|4
70b3d5499aa0da7c|8|None,None|-0.3137,0.0143,0.9683|-66|8.0|11|0|11|4
70b3d5499aa0da7c|9|None,None|-0.2419,-0.0427,0.9512|-74|8.0|11|0|11|4
70b3d5499aa0da7c|0|None,None|-0.3623,0.1350,0.9080|-78|8.0|6|0|8|4
70b3d5499aa0da7c|1|None,None|-0.3787,0.1257,0.9269|-73|7.0|6|0|8|4
70b3d5499aa0da7c|2|None,None|-0.3898,0.1178,0.9386|-70|7.0|6|0|8|4
70b3d5499aa0da7c|3|None,None|-0.2375,0.0778,1.0022|-66|7.0|6|0|8|4
70b3d5499aa0da7c|4|None,None|-0.2810,0.0559,0.9526|-75|7.0|6|0|8|4
70b3d5499aa0da7c|5|None,None|-0.2996,0.0195,0.9327|-66|7.0|6|0|8|4
70b3d5499aa0da7c|6|None,None|-0.1887,0.0276,0.8856|-70|7.0|6|0|8|4
70b3d5499aa0da7c|7|None,None|-0.3214,0.0640,0.9467|-71|7.0|6|0|8|4
70b3d5499aa0da7c|8|None,None|-0.2827,0.0549,0.9612|-75|7.0|6|0|8|4
70b3d5499aa0da7c|9|None,None|-0.1844,0.0780,0.9846|-68|7.0|6|0|8|4
70b3d5499aa0da7c|0|None,None|-0.1777,0.0648,0.9901|-66|5.0|8|1|11|2
70b3d5499aa0da7c|1|None,None|0.5288,-0.7933,0.9124|-58|8.0|8|1|11|2
70b3d5499aa0da7c|2|None,None|0.2297,-0.9020,0.3105|-59|7.0|8|1|11|2
70b3d5499aa0da7c|3|None,None|0.2538,-0.8911,0.3146|-59|7.0|8|1|11|2
70b3d5499aa0da7c|4|None,None|0.2715,-0.8898,0.3262|-59|7.0|8|1|11|2
70b3d5499aa0da7c|5|None,None|0.3419,-0.8756,0.2789|-70|6.0|8|1|11|2
70b3d5499aa0da7c|6|None,None|-0.1301,0.1334,0.8119|-66|6.0|8|1|11|2
70b3d5499aa0da7c|7|None,None|0.0902,0.1251,1.0592|-70|7.0|8|1|11|2
70b3d5499aa0da7c|8|None,None|0.0764,0.2429,0.9696|-70|8.0|8|1|11|2
70b3d5499aa0da7c|9|None,None|0.1085,0.3363,0.9746|-66|6.0|8|1|11|2
70b3d5499aa0da7c|0|None,None|0.2134,-0.1289,0.9277|-56|7.0|13|1|8|2
70b3d5499aa0da7c|1|None,None|-0.1664,-0.0469,1.0098|-57|7.0|13|1|8|2
70b3d5499aa0da7c|2|None,None|-0.1790,-0.0092,0.9387|-59|7.0|13|1|8|2
70b3d5499aa0da7c|3|None,None|-0.0940,-0.0964,1.0441|-53|7.0|13|1|8|2
70b3d5499aa0da7c|4|None,None|-0.2266,-0.0265,0.9872|-59|7.0|13|1|8|2
70b3d5499aa0da7c|5|None,None|-0.2266,-0.1282,1.0184|-64|7.0|13|1|8|2
70b3d5499aa0da7c|6|None,None|-0.1572,-0.0332,0.9568|-59|7.0|13|1|8|2
70b3d5499aa0da7c|7|None,None|-0.0016,-0.3033,1.0280|-59|7.0|13|1|8|2
70b3d5499aa0da7c|8|None,None|-0.1464,-0.1649,0.9612|-57|7.0|13|1|8|2
70b3d5499aa0da7c|9|None,None|-0.1973,-0.1548,0.9523|-57|7.0|13|1|8|2
70b3d5499aa0da7c|0|None,None|-0.0037,0.0463,1.0017|-61|10.0|11|0|11|4
70b3d5499aa0da7c|1|None,None|-0.0045,0.0466,1.0038|-62|8.0|11|0|11|4
70b3d5499aa0da7c|2|None,None|-0.0066,0.0470,1.0043|-62|7.0|11|0|11|4
70b3d5499aa0da7c|3|None,None|-0.0055,0.0466,1.0033|-59|7.0|11|0|11|4
70b3d5499aa0da7c|4|None,None|-0.0068,0.0450,1.0024|-60|6.0|11|0|11|4
70b3d5499aa0da7c|5|None,None|-0.0089,0.0463,1.0039|-61|6.0|11|0|11|4
70b3d5499aa0da7c|6|None,None|-0.0052,0.0444,1.0043|-61|7.0|11|0|11|4
70b3d5499aa0da7c|7|None,None|-0.0068,0.0480,1.0024|-58|9.0|11|0|11|4
70b3d5499aa0da7c|8|None,None|-0.0099,0.0441,1.0024|-58|9.0|11|0|11|4
70b3d5499aa0da7c|9|None,None|-0.0104,0.0452,1.0029|-57|10.0|11|0|11|4
70b3d5499aa0da7c|0|None,None|-0.0093,0.0442,1.0013|-62|7.0|6|0|10|4
70b3d5499aa0da7c|1|None,None|-0.0116,0.0457,1.0035|-62|8.0|6|0|10|4
70b3d5499aa0da7c|2|None,None|-0.0096,0.0458,1.0052|-63|8.0|6|0|10|4
70b3d5499aa0da7c|3|None,None|-0.0082,0.0455,1.0061|-68|8.0|6|0|10|4
70b3d5499aa0da7c|4|None,None|-0.0081,0.0457,1.0048|-62|8.0|6|0|10|4
70b3d5499aa0da7c|5|None,None|-0.0094,0.0455,1.0044|-63|8.0|6|0|10|4
70b3d5499aa0da7c|6|None,None|-0.0098,0.0465,1.0023|-63|7.0|6|0|10|4
70b3d5499aa0da7c|7|None,None|-0.0100,0.0472,1.0016|-65|6.0|6|0|10|4
70b3d5499aa0da7c|8|None,None|-0.0111,0.0474,1.0067|-62|8.0|6|0|10|4
70b3d5499aa0da7c|9|None,None|-0.0109,0.0436,1.0049|-63|8.0|6|0|10|4
70b3d5499aa0da7c|0|None,None|-0.0112,0.0464,1.0027|-60|7.0|8|1|11|2
70b3d5499aa0da7c|1|None,None|-0.0101,0.0450,1.0040|-60|8.0|8|1|11|2
70b3d5499aa0da7c|2|None,None|-0.0125,0.0460,1.0044|-59|7.0|8|1|11|2
70b3d5499aa0da7c|3|None,None|-0.0100,0.0453,1.0048|-59|8.0|8|1|11|2
70b3d5499aa0da7c|4|None,None|-0.0110,0.0472,1.0039|-60|7.0|8|1|11|2
70b3d5499aa0da7c|5|None,None|-0.0131,0.0459,1.0037|-59|7.0|8|1|11|2
70b3d5499aa0da7c|6|None,None|-0.0101,0.0443,1.0005|-61|6.0|8|1|11|2
70b3d5499aa0da7c|7|None,None|-0.0115,0.0468,1.0039|-62|5.0|8|1|11|2
70b3d5499aa0da7c|8|None,None|-0.0103,0.0453,1.0027|-59|7.0|8|1|11|2
70b3d5499aa0da7c|9|None,None|-0.0115,0.0466,1.0046|-60|7.0|8|1|11|2
70b3d5499aa0da7c|0|None,None|-0.9045,-0.1417,0.4990|-66|7.0|13|1|8|2
70b3d5499aa0da7c|1|None,None|-0.8866,-0.1594,0.6249|-65|8.0|13|1|8|2
70b3d5499aa0da7c|2|None,None|-0.9014,-0.0220,0.3556|-62|7.0|13|1|8|2
70b3d5499aa0da7c|3|None,None|-0.8679,-0.0626,0.4805|-62|7.0|13|1|8|2
70b3d5499aa0da7c|4|None,None|-0.8125,-0.2556,0.5017|-61|7.0|13|1|8|2
70b3d5499aa0da7c|5|None,None|-0.9177,-0.0210,0.4088|-59|7.0|13|1|8|2
70b3d5499aa0da7c|6|None,None|-0.6742,-0.1003,0.4041|-49|7.0|13|1|8|2
70b3d5499aa0da7c|7|None,None|-1.3617,-0.8214,-0.7177|-46|7.0|13|1|8|2
70b3d5499aa0da7c|8|None,None|-1.0863,-0.9474,0.1526|-54|7.0|13|1|8|2
70b3d5499aa0da7c|9|None,None|-0.6354,-0.0687,0.0544|-49|7.0|13|1|8|2
70b3d5499aa0da7c|0|None,None|-0.9875,-0.0114,0.1899|-48|8.0|11|0|11|4
70b3d5499aa0da7c|1|None,None|-0.9512,-0.0105,0.3505|-51|8.0|11|0|11|4
70b3d5499aa0da7c|2|None,None|-1.0778,-0.1661,0.3563|-56|7.0|11|0|11|4
70b3d5499aa0da7c|3|None,None|-0.8486,-0.1805,0.3695|-57|8.0|11|0|11|4
70b3d5499aa0da7c|4|None,None|-1.0762,0.0613,0.1608|-61|8.0|11|0|11|4
70b3d5499aa0da7c|5|None,None|-0.9423,-0.0869,0.2991|-57|10.0|11|0|11|4
70b3d5499aa0da7c|6|None,None|-0.8785,0.2142,0.4576|-56|9.0|11|0|11|4
70b3d5499aa0da7c|7|None,None|-0.8976,-0.2399,0.4714|-66|8.0|11|0|11|4
70b3d5499aa0da7c|8|None,None|-0.6582,-0.1746,0.7217|-65|8.0|11|0|11|4
70b3d5499aa0da7c|9|None,None|-0.3002,-0.2361,0.8757|-56|9.0|11|0|11|4
70b3d5499aa0da7c|0|None,None|-0.9148,-0.1407,0.0956|-83|8.0|6|0|8|4
70b3d5499aa0da7c|1|None,None|-1.0044,-0.0724,0.1461|-95|7.0|6|0|8|4
70b3d5499aa0da7c|2|None,None|-0.9923,-0.1335,0.1002|-100|5.0|6|0|8|4
70b3d5499aa0da7c|3|None,None|-0.9849,-0.1138,0.1295|-93|7.0|6|0|8|4
70b3d5499aa0da7c|4|None,None|-1.1550,-0.2307,0.1785|-101|4.0|6|0|8|4
70b3d5499aa0da7c|5|None,None|-0.8689,-0.1293,0.3955|-113|-4.0|6|0|8|4
70b3d5499aa0da7c|6|None,None|-0.9734,-0.1055,0.1650|-103|3.0|6|0|8|4
70b3d5499aa0da7c|7|None,None|-1.0073,-0.2323,0.2791|-104|2.0|6|0|8|4
70b3d5499aa0da7c|8|None,None|-1.1129,-0.6973,0.0988|-95|6.0|6|0|8|4
70b3d5499aa0da7c|9|None,None|-1.2177,-0.4814,0.2213|-97|6.0|6|0|8|4
70b3d5499aa0da7c|0|None,None|-0.9486,-0.0305,0.3951|-76|8.0|8|1|11|2
70b3d5499aa0da7c|1|None,None|-0.7916,0.0355,0.3650|-68|7.0|8|1|11|2
70b3d5499aa0da7c|2|None,None|-0.7341,0.0682,0.2682|-64|8.0|8|1|11|2
70b3d5499aa0da7c|3|None,None|-1.1610,-0.0107,0.2334|-65|7.0|8|1|11|2
70b3d5499aa0da7c|4|None,None|-0.6553,0.1410,-0.0389|-58|7.0|8|1|11|2
70b3d5499aa0da7c|5|None,None|-1.4520,0.2549,0.5093|-62|6.0|8|1|11|2
70b3d5499aa0da7c|6|None,None|-0.9980,0.1455,0.0670|-69|6.0|8|1|11|2
70b3d5499aa0da7c|7|None,None|-0.7670,0.0740,-0.1288|-66|7.0|8|1|11|2
70b3d5499aa0da7c|8|None,None|-0.9414,-0.0897,0.2351|-69|7.0|8|1|11|2
70b3d5499aa0da7c|9|None,None|-1.3109,-0.0294,0.0951|-77|7.0|8|1|11|2
70b3d5499aa0da7c|0|None,None|-0.9309,-0.0698,0.4783|-85|8.0|13|1|8|2
70b3d5499aa0da7c|1|None,None|-0.8768,0.0420,0.3278|-83|7.0|13|1|8|2
70b3d5499aa0da7c|2|None,None|-0.7662,-0.1622,0.3813|-90|7.0|13|1|8|2
70b3d5499aa0da7c|3|None,None|-0.6028,-0.1013,0.4485|-87|7.0|13|1|8|2
70b3d5499aa0da7c|4|None,None|-0.8545,-0.1364,0.4429|-91|7.0|13|1|8|2
70b3d5499aa0da7c|5|None,None|-0.7362,-0.0204,0.4653|-76|7.0|13|1|8|2
70b3d5499aa0da7c|6|None,None|-0.8058,-0.0410,0.4232|-65|7.0|13|1|8|2
70b3d5499aa0da7c|7|None,None|-0.6427,-0.0231,0.1381|-74|8.0|13|1|8|2
70b3d5499aa0da7c|8|None,None|-1.2864,-0.1963,0.6156|-79|8.0|13|1|8|2
70b3d5499aa0da7c|9|None,None|-0.7401,0.0281,0.3883|-86|7.0|13|1|8|2
70b3d5499aa0da7c|0|None,None|-1.0143,0.0455,0.3695|-91|7.0|11|1|7|2
70b3d5499aa0da7c|1|None,None|-0.9811,-0.1426,0.4924|-96|5.0|11|1|7|2
70b3d5499aa0da7c|2|None,None|-0.8129,-0.0892,0.4452|-86|7.0|11|1|7|2
70b3d5499aa0da7c|3|None,None|-0.8094,-0.1552,0.5854|-88|6.0|11|1|7|2
70b3d5499aa0da7c|4|None,None|-0.9962,-0.1643,0.4565|-97|6.0|11|1|7|2
70b3d5499aa0da7c|5|None,None|-0.5565,-0.1541,0.4904|-102|3.0|11|1|7|2
70b3d5499aa0da7c|6|None,None|-0.8783,-0.1709,0.4746|-97|5.0|11|1|7|2
70b3d5499aa0da7c|7|None,None|-0.8655,-0.3745,0.4268|-90|6.0|11|1|7|2
70b3d5499aa0da7c|8|None,None|-0.5527,0.0649,0.4474|-102|2.0|11|1|7|2
70b3d5499aa0da7c|9|None,None|-1.0297,0.0100,0.3832|-93|6.0|11|1|7|2
70b3d5499aa0da7c|0|None,None|-1.0255,-0.1417,0.4338|-105|1.0|6|0|10|4
70b3d5499aa0da7c|1|None,None|-0.9150,-0.2850,0.4003|-112|-3.0|6|0|10|4
70b3d5499aa0da7c|2|None,None|-0.8643,-0.0577,0.4561|-110|-1.0|6|0|10|4
70b3d5499aa0da7c|3|None,None|-0.9583,-0.2032,1.1014|-112|-4.0|6|0|10|4
70b3d5499aa0da7c|4|None,None|-0.9686,-0.2242,0.3812|-111|-3.0|6|0|10|4
70b3d5499aa0da7c|5|None,None|-0.7637,0.1561,0.8086|-112|-3.0|6|0|10|4
70b3d5499aa0da7c|4|None,None|-0.5848,0.1980,-0.0621|-114|-7.0|8|1|7|2
70b3d5499aa0da7c|0|None,None|-0.9786,-0.0234,0.1367|-112|-5.0|13|1|8|2
70b3d5499aa0da7c|1|None,None|-0.9878,-0.0415,0.1528|-114|-7.0|13|1|8|2
70b3d5499aa0da7c|2|None,None|-0.9751,-0.0796,0.1378|-116|-8.0|13|1|8|2
70b3d5499aa0da7c|4|None,None|-1.0057,-0.0378,0.0684|-111|-4.0|13|1|8|2
70b3d5499aa0da7c|5|None,None|-0.9633,-0.1498,0.2068|-107|-2.0|13|1|8|2
70b3d5499aa0da7c|6|None,None|-0.9677,-0.1426,0.1658|-109|-2.0|13|1|8|2
70b3d5499aa0da7c|7|None,None|-0.9197,-0.2161,0.3828|-107|-2.0|13|1|8|2
70b3d5499aa0da7c|8|None,None|-1.0503,-0.0955,0.1559|-108|-3.0|13|1|8|2
70b3d5499aa0da7c|0|None,None|-0.9902,-0.0619,0.1694|-126|-18.0|11|1|11|4
70b3d5499aa0da7c|4|None,None|-0.9440,-0.1116,0.1444|-119|-12.0|11|1|11|4
70b3d5499aa0da7c|5|None,None|-0.9678,-0.1437,0.1785|-122|-14.0|11|1|11|4
70b3d5499aa0da7c|6|None,None|-0.9619,-0.1581,0.1892|-119|-12.0|11|1|11|4
70b3d5499aa0da7c|7|None,None|-0.9695,-0.1438,0.2064|-119|-11.0|11|1|11|4
70b3d5499aa0da7c|8|None,None|-0.9598,-0.1169,0.2184|-115|-7.0|11|1|11|4
70b3d5499aa0da7c|9|None,None|-0.9552,-0.1305,0.2318|-115|-7.0|11|1|11|4
70b3d5499aa0da7c|1|45.80325,15.96197|0.2926,0.8474,0.2903|-116|-9.0|8|1|11|4
70b3d5499aa0da7c|3|45.80336,15.96177|0.3650,0.8085,0.3613|-120|-15.0|8|1|11|4
70b3d5499aa0da7c|4|45.80337,15.96173|0.3977,0.9329,0.4272|-121|-16.0|8|1|11|4
70b3d5499aa0da7c|5|45.8036,15.95989|0.3466,0.6864,0.3196|-119|-12.0|8|1|11|4
70b3d5499aa0da7c|8|45.80359,15.95964|0.3623,0.8236,0.3245|-120|-13.0|8|1|11|4
70b3d5499aa0da7c|9|45.80358,15.95958|0.2397,0.7427,0.3458|-119|-12.0|8|1|11|4
70b3d5499aa0da7c|4|45.80367,15.95908|0.4330,0.8181,0.3661|-118|-13.0|7|1|11|4
70b3d5499aa0da7c|5|45.8037,15.95895|0.4780,0.7045,0.3503|-121|-16.0|7|1|11|4
70b3d5499aa0da7c|7|45.80381,15.95874|0.4053,0.9603,0.3020|-121|-16.0|7|1|11|4
70b3d5499aa0da7c|8|45.80384,15.95867|0.3932,0.7892,0.3938|-121|-16.0|7|1|11|4
70b3d5499aa0da7c|9|45.80387,15.95863|0.3829,0.8295,0.3469|-123|-18.0|7|1|11|4
70b3d5499aa0da7c|0|45.80468,15.95842|0.4115,0.9224,0.3651|-92|6.0|5|1|8|2
70b3d5499aa0da7c|1|45.80471,15.95843|0.4919,0.7095,0.3308|-85|7.0|5|1|8|2
70b3d5499aa0da7c|2|45.80474,15.95843|0.6486,1.0466,0.4763|-85|7.0|5|1|8|2
70b3d5499aa0da7c|3|45.80479,15.95844|0.2460,1.1643,0.4609|-84|8.0|5|1|8|2
70b3d5499aa0da7c|4|45.80482,15.95843|0.4139,0.9430,0.3066|-78|8.0|5|1|8|2
70b3d5499aa0da7c|5|45.80484,15.9584|0.5979,0.7263,0.4054|-77|7.0|5|1|8|2
70b3d5499aa0da7c|6|45.80486,15.95838|0.6382,0.7134,0.2483|-78|7.0|5|1|8|2
70b3d5499aa0da7c|7|45.80486,15.95835|0.5714,0.7943,-0.0292|-80|8.0|5|1|8|2
70b3d5499aa0da7c|8|45.80488,15.95832|0.3962,0.9282,0.1201|-83|7.0|5|1|8|2
70b3d5499aa0da7c|9|45.8049,15.9583|0.1704,1.0526,-0.1200|-71|7.0|5|1|8|2
70b3d5499aa0da7c|0|45.80526,15.95815|0.6312,0.7524,0.3069|-80|7.0|4|1|8|2
70b3d5499aa0da7c|1|45.80526,15.9582|0.6559,0.7106,0.3086|-78|8.0|4|1|8|2
70b3d5499aa0da7c|2|45.80526,15.9582|0.6151,0.7007,0.2729|-82|7.0|4|1|8|2
70b3d5499aa0da7c|3|45.80526,15.9582|0.6102,0.7729,0.3916|-79|7.0|4|1|8|2
70b3d5499aa0da7c|4|45.80528,15.95819|0.9031,0.5078,0.2855|-82|7.0|4|1|8|2
70b3d5499aa0da7c|5|None,None|0.4167,0.9564,0.1514|-93|5.0|4|1|8|2
70b3d5499aa0da7c|6|45.80525,15.95812|0.3511,0.7234,0.2955|-93|6.0|4|1|8|2
70b3d5499aa0da7c|7|45.80522,15.95809|0.4138,0.6844,0.2352|-84|7.0|4|1|8|2
70b3d5499aa0da7c|8|45.80518,15.95808|0.6198,0.7079,0.2734|-90|7.0|4|1|8|2
70b3d5499aa0da7c|9|45.80518,15.95807|0.4755,0.6515,0.2190|-88|7.0|4|1|8|2
70b3d5499aa0da7c|0|45.80512,15.95791|0.4044,0.5186,-0.0842|-87|6.0|11|0|12|1
70b3d5499aa0da7c|1|None,None|0.7863,0.9058,-0.2054|-86|6.0|11|0|12|1
70b3d5499aa0da7c|2|45.8045,15.95766|1.0544,0.9159,0.5261|-85|5.0|11|0|12|1
70b3d5499aa0da7c|3|45.80451,15.95763|0.5364,0.3170,-0.2078|-81|6.0|11|0|12|1
70b3d5499aa0da7c|4|45.80452,15.95761|0.7363,0.8517,-0.2371|-74|6.0|11|0|12|1
70b3d5499aa0da7c|5|45.80454,15.95757|0.9346,1.0405,0.3589|-73|7.0|11|0|12|1
70b3d5499aa0da7c|6|45.80458,15.95754|0.4526,0.6707,-0.1750|-69|7.0|11|0|12|1
70b3d5499aa0da7c|7|45.80462,15.9575|0.8311,0.5822,-0.1757|-62|8.0|11|0|12|1
70b3d5499aa0da7c|9|45.80471,15.9574|0.4490,0.7067,-0.1173|-64|8.0|11|0|12|1
70b3d5499aa0da7c|0|45.80571,15.95769|0.5535,0.5070,-0.0734|-60|7.0|11|0|12|1
70b3d5499aa0da7c|1|45.80575,15.9577|0.7776,0.9912,-0.2101|-57|8.0|13|0|12|4
70b3d5499aa0da7c|5|45.80573,15.95759|0.4882,0.9094,-0.0751|-53|6.0|13|0|12|4
70b3d5499aa0da7c|6|45.80571,15.95755|0.6022,0.7462,-0.0569|-51|6.0|13|0|12|4
70b3d5499aa0da7c|7|None,None|0.1796,1.0396,0.0001|-50|7.0|13|0|12|4
70b3d5499aa0da7c|9|None,None|0.2867,0.9130,0.2963|-57|6.0|13|0|12|4
70b3d5499aa0da7c|0|45.80569,15.95739|0.1927,1.0166,-0.0314|-47|5.0|13|0|12|4
70b3d5499aa0da7c|1|45.80564,15.95738|0.2014,0.9941,-0.0272|-49|7.0|13|0|12|4
70b3d5499aa0da7c|2|45.80549,15.95728|0.1893,1.0034,-0.0192|-68|6.0|13|0|12|4
70b3d5499aa0da7c|3|45.80541,15.95724|0.1257,1.0127,0.0107|-54|6.0|13|0|12|4
70b3d5499aa0da7c|4|45.80534,15.9572|0.1512,1.0444,0.0308|-53|7.0|13|0|12|4
70b3d5499aa0da7c|5|45.80528,15.95717|0.0690,0.9740,-0.0728|-54|7.0|13|0|12|4
70b3d5499aa0da7c|6|45.80523,15.95714|0.0658,1.0151,-0.0052|-57|8.0|13|0|12|4
70b3d5499aa0da7c|4|45.80529,15.9575|0.6195,0.7056,0.0204|-50|7.0|5|0|12|1
70b3d5499aa0da7c|5|45.80532,15.95753|0.7378,0.6460,0.1907|-52|6.0|5|0|12|1
70b3d5499aa0da7c|6|45.80535,15.95758|0.7021,0.3850,0.3058|-58|7.0|5|0|12|1
70b3d5499aa0da7c|7|45.80536,15.9576|0.8284,0.7155,0.2245|-51|9.0|5|0|12|1
70b3d5499aa0da7c|8|45.80537,15.95763|0.6099,0.9113,0.0674|-58|8.0|5|0|12|1
70b3d5499aa0da7c|0|None,None|0.7722,0.4202,0.4362|-82|8.0|11|0|12|1
70b3d5499aa0da7c|1|None,None|0.9832,0.2732,0.0863|-84|6.0|11|0|12|1
70b3d5499aa0da7c|2|None,None|0.6118,0.5853,0.2150|-95|2.0|11|0|12|1
70b3d5499aa0da7c|3|None,None|0.7540,0.4464,0.1654|-99|5.0|11|0|12|1
70b3d5499aa0da7c|4|None,None|0.8921,0.5199,-0.0643|-95|5.0|11|0|12|1
70b3d5499aa0da7c|5|None,None|0.8832,0.4740,0.0657|-93|7.0|11|0|12|1
70b3d5499aa0da7c|6|None,None|0.9541,0.3308,0.1608|-94|6.0|11|0|12|1
70b3d5499aa0da7c|7|None,None|0.9238,0.4022,0.1111|-95|7.0|11|0|12|1
70b3d5499aa0da7c|8|None,None|0.8981,0.4464,0.0854|-92|5.0|11|0|12|1
70b3d5499aa0da7c|9|None,None|0.9343,0.3983,0.0298|-99|5.0|11|0|12|1
70b3d5499aa0da7c|0|None,None|0.9086,0.4175,0.0349|-95|7.0|11|0|12|1
70b3d5499aa0da7c|5|None,None|0.9762,0.3345,0.1847|-92|6.0|11|0|12|1
70b3d5499aa0da7c|6|None,None|0.8547,0.3904,0.0692|-90|6.0|11|0|12|1
70b3d5499aa0da7c|7|None,None|0.6616,0.6510,0.0460|-92|6.0|11|0|12|1
70b3d5499aa0da7c|8|None,None|0.8823,0.3824,0.1228|-93|6.0|11|0|12|1
70b3d5499aa0da7c|9|None,None|0.9054,0.4967,0.0499|-99|5.0|11|0|12|1
70b3d5499aa0da7c|0|None,None|0.9445,0.4904,0.1047|-92|6.0|11|0|12|1
70b3d5499aa0da7c|1|None,None|0.9176,0.4174,0.1021|-97|4.0|11|0|12|1
70b3d5499aa0da7c|2|None,None|0.9142,0.4109,0.0870|-87|7.0|11|0|12|1
70b3d5499aa0da7c|3|None,None|0.9152,0.4052,0.0852|-90|7.0|11|0|12|1
70b3d5499aa0da7c|4|None,None|0.8572,0.3888,0.0920|-81|7.0|11|0|12|1
70b3d5499aa0da7c|5|None,None|0.9344,0.3928,0.1294|-71|7.0|13|0|12|1
70b3d5499aa0da7c|0|None,None|0.7520,0.5798,-0.0289|-61|9.0|13|0|12|1
70b3d5499aa0da7c|1|None,None|0.9231,0.3390,0.2211|-59|6.0|13|0|12|1
70b3d5499aa0da7c|2|None,None|0.8265,0.4768,0.0814|-46|7.0|13|0|12|1
70b3d5499aa0da7c|3|None,None|0.5183,0.8484,-0.1503|-45|8.0|13|0|12|1
70b3d5499aa0da7c|4|None,None|1.0404,0.4836,0.1113|-53|9.0|13|0|12|1
70b3d5499aa0da7c|5|None,None|0.9104,0.3414,0.2875|-32|8.0|13|0|12|1
70b3d5499aa0da7c|6|None,None|0.8143,0.5714,0.1354|-30|9.0|13|0|12|1
70b3d5499aa0da7c|7|None,None|0.8063,0.5970,0.1171|-35|8.0|13|0|12|1
70b3d5499aa0da7c|8|None,None|0.8910,0.4706,0.0560|-40|8.0|13|0|12|1
70b3d5499aa0da7c|9|None,None|0.9473,0.3082,0.0365|-50|8.0|13|0|12|1
70b3d5499aa0da7c|0|None,None|0.9631,0.3114,0.0703|-41|7.0|11|0|12|1
70b3d5499aa0da7c|1|None,None|0.9884,0.2491,0.1038|-43|5.0|11|0|12|1
70b3d5499aa0da7c|2|None,None|0.9642,0.2665,0.0946|-40|5.0|11|0|12|1
70b3d5499aa0da7c|3|None,None|0.9553,0.3081,0.0817|-37|8.0|11|0|12|1
70b3d5499aa0da7c|4|None,None|1.0696,0.2778,0.0044|-41|8.0|11|0|12|1
70b3d5499aa0da7c|5|None,None|0.8895,0.4966,-0.0601|-41|8.0|11|0|12|1
70b3d5499aa0da7c|6|None,None|0.9534,0.2949,0.1062|-40|8.0|11|0|12|1
70b3d5499aa0da7c|7|None,None|0.9106,0.2797,0.0973|-31|9.0|11|0|12|1
70b3d5499aa0da7c|8|None,None|0.8899,0.4769,-0.0206|-32|8.0|11|0|12|1
70b3d5499aa0da7c|9|None,None|0.8843,0.4987,-0.0350|-40|10.0|11|0|12|1
70b3d5499aa0da7c|0|None,None|-0.0107,0.0369,1.0042|-52|8.0|8|1|11|4
70b3d5499aa0da7c|1|None,None|-0.0098,0.0380,1.0040|-57|5.0|8|1|11|4
70b3d5499aa0da7c|2|None,None|-0.0111,0.0382,1.0048|-58|8.0|8|1|11|4
70b3d5499aa0da7c|3|None,None|-0.0129,0.0303,1.0005|-59|8.0|8|1|11|4
70b3d5499aa0da7c|4|None,None|-0.0105,0.0371,1.0045|-59|8.0|8|1|11|4
70b3d5499aa0da7c|5|None,None|-0.0101,0.0376,1.0029|-58|7.0|8|1|11|4
70b3d5499aa0da7c|6|None,None|-0.0110,0.0391,1.0039|-56|6.0|8|1|11|4
70b3d5499aa0da7c|7|None,None|-0.0122,0.0344,1.0005|-58|8.0|8|1|11|4
70b3d5499aa0da7c|8|None,None|-0.0117,0.0375,1.0035|-57|6.0|8|1|11|4
70b3d5499aa0da7c|9|None,None|-0.0125,0.0322,1.0038|-56|6.0|8|1|11|4
70b3d5499aa0da7c|0|None,None|-0.0100,0.0353,1.0038|-44|7.0|11|0|12|1
70b3d5499aa0da7c|1|None,None|-0.0128,0.0365,1.0035|-46|6.0|11|0|12|1
70b3d5499aa0da7c|2|None,None|-0.0127,0.0378,1.0009|-41|5.0|11|0|12|1
70b3d5499aa0da7c|3|None,None|-0.0084,0.0391,1.0020|-41|6.0|11|0|12|1
70b3d5499aa0da7c|4|None,None|-0.0111,0.0398,1.0039|-40|7.0|11|0|12|1
70b3d5499aa0da7c|5|None,None|-0.0120,0.0391,1.0042|-43|7.0|11|0|12|1
70b3d5499aa0da7c|6|None,None|-0.0125,0.0343,1.0029|-40|8.0|11|0|12|1
70b3d5499aa0da7c|7|None,None|-0.0096,0.0352,1.0043|-40|7.0|11|0|12|1
70b3d5499aa0da7c|8|None,None|-0.0109,0.0345,1.0016|-41|8.0|11|0|12|1
70b3d5499aa0da7c|9|None,None|-0.0095,0.0375,1.0068|-49|8.0|11|0|12|1
70b3d5499aa0da7c|0|None,None|-0.0110,0.0363,1.0018|-41|8.0|11|0|12|4
70b3d5499aa0da7c|4|None,None|-0.0110,0.0375,1.0050|-41|6.0|11|0|12|4
70b3d5499aa0da7c|5|None,None|-0.0083,0.0361,1.0039|-41|6.0|11|0|12|4
70b3d5499aa0da7c|6|None,None|-0.0123,0.0360,1.0034|-41|6.0|11|0|12|4
70b3d5499aa0da7c|7|None,None|-0.0089,0.0359,1.0021|-41|7.0|11|0|12|4
70b3d5499aa0da7c|8|None,None|-0.0074,0.0381,1.0031|-40|8.0|11|0|12|4
70b3d5499aa0da7c|9|None,None|-0.0115,0.0386,1.0034|-49|8.0|11|0|12|4
70b3d5499aa0da7c|0|None,None|-0.0104,0.0350,1.0042|-41|6.0|11|0|12|4
70b3d5499aa0da7c|1|None,None|-0.0116,0.0359,1.0024|-42|6.0|11|0|12|4
70b3d5499aa0da7c|2|None,None|-0.0101,0.0355,1.0029|-42|8.0|11|0|12|4
70b3d5499aa0da7c|3|None,None|-0.0107,0.0381,1.0028|-41|8.0|11|0|12|4
70b3d5499aa0da7c|4|None,None|-0.0098,0.0394,1.0050|-41|7.0|11|0|12|4
70b3d5499aa0da7c|5|None,None|-0.0128,0.0361,1.0038|-42|7.0|13|0|11|1
70b3d5499aa0da7c|0|None,None|-0.0117,0.0391,1.0017|-52|7.0|8|1|11|4
70b3d5499aa0da7c|1|None,None|-0.0126,0.0469,1.0026|-51|5.0|8|1|11|4
70b3d5499aa0da7c|2|None,None|-0.0135,0.0356,1.0082|-54|7.0|8|1|11|4
70b3d5499aa0da7c|3|None,None|-0.0111,0.0375,1.0017|-53|7.0|8|1|11|4
70b3d5499aa0da7c|4|None,None|-0.0131,0.0371,1.0044|-51|5.0|8|1|11|4
70b3d5499aa0da7c|5|None,None|-0.0117,0.0381,1.0049|-51|6.0|8|1|11|4
70b3d5499aa0da7c|6|None,None|-0.0126,0.0385,1.0039|-52|8.0|8|1|11|4
70b3d5499aa0da7c|7|None,None|-0.0112,0.0370,1.0029|-52|7.0|8|1|11|4
70b3d5499aa0da7c|8|None,None|-0.0106,0.0375,1.0031|-53|7.0|8|1|11|4
70b3d5499aa0da7c|9|None,None|-0.0101,0.0393,1.0040|-53|8.0|8|1|11|4
70b3d5499aa0da7c|0|None,None|-0.0118,0.0378,1.0034|-51|9.0|8|1|10|3
70b3d5499aa0da7c|1|None,None|-0.0125,0.0370,1.0056|-51|8.0|8|1|10|3
70b3d5499aa0da7c|2|None,None|0.0021,0.0586,0.9978|-50|9.0|8|1|10|3
70b3d5499aa0da7c|3|None,None|-0.0116,0.0378,1.0061|-51|8.0|8|1|10|3
70b3d5499aa0da7c|4|None,None|-0.0114,0.0367,1.0033|-49|7.0|8|1|10|3
70b3d5499aa0da7c|5|None,None|-0.0100,0.0385,1.0066|-51|8.0|8|1|10|3
70b3d5499aa0da7c|6|None,None|-0.0109,0.0385,1.0042|-51|8.0|8|1|10|3
70b3d5499aa0da7c|7|None,None|-0.0104,0.0381,1.0029|-49|7.0|8|1|10|3
70b3d5499aa0da7c|8|None,None|-0.0096,0.0376,1.0021|-50|8.0|8|1|10|3
